
//
//*****************************************************
// Score calibration for high dollar segment of credit model
//*****************************************************
//

TYPE hidfcr30_SCORE_CONVERT = RECORD
  SCORE     : INT16;
  NEW_SCORE : INT16;
END;

TABLE hidfcr30_SCORE_CONVERT OF hidfcr30_SCORE_CONVERT
NUM_ROWS = 1001
DATA = 
0,1
1,5
2,9
3,13
4,16
5,20
6,23
7,26
8,29
9,32
10,34
11,37
12,40
13,42
14,45
15,47
16,50
17,52
18,55
19,57
20,59
21,61
22,64
23,66
24,68
25,70
26,73
27,75
28,77
29,79
30,81
31,83
32,85
33,87
34,89
35,91
36,93
37,95
38,97
39,99
40,101
41,103
42,105
43,106
44,108
45,110
46,112
47,114
48,116
49,117
50,119
51,121
52,123
53,125
54,126
55,128
56,130
57,131
58,133
59,135
60,137
61,138
62,140
63,142
64,143
65,145
66,147
67,148
68,150
69,151
70,153
71,155
72,156
73,158
74,159
75,161
76,163
77,164
78,166
79,167
80,169
81,170
82,172
83,173
84,175
85,176
86,178
87,179
88,181
89,182
90,184
91,185
92,187
93,188
94,190
95,191
96,193
97,194
98,195
99,197
100,198
101,200
102,201
103,202
104,204
105,205
106,207
107,208
108,209
109,211
110,212
111,214
112,215
113,216
114,218
115,219
116,220
117,222
118,223
119,224
120,226
121,227
122,228
123,230
124,231
125,232
126,234
127,235
128,236
129,238
130,239
131,240
132,241
133,243
134,244
135,245
136,247
137,248
138,249
139,250
140,252
141,253
142,254
143,255
144,257
145,258
146,259
147,260
148,262
149,263
150,264
151,265
152,267
153,268
154,269
155,270
156,271
157,273
158,274
159,275
160,276
161,277
162,279
163,280
164,281
165,282
166,283
167,285
168,286
169,287
170,288
171,289
172,290
173,292
174,293
175,294
176,295
177,296
178,297
179,298
180,300
181,301
182,302
183,303
184,304
185,305
186,306
187,308
188,309
189,310
190,311
191,312
192,313
193,314
194,315
195,317
196,318
197,319
198,320
199,321
200,322
201,323
202,324
203,325
204,326
205,328
206,329
207,330
208,331
209,332
210,333
211,334
212,335
213,336
214,337
215,338
216,339
217,340
218,341
219,343
220,344
221,345
222,346
223,347
224,348
225,349
226,350
227,351
228,352
229,353
230,354
231,355
232,356
233,357
234,358
235,359
236,360
237,361
238,362
239,363
240,364
241,365
242,366
243,367
244,368
245,369
246,370
247,371
248,372
249,374
250,375
251,376
252,377
253,378
254,379
255,380
256,381
257,382
258,382
259,383
260,384
261,385
262,386
263,387
264,388
265,389
266,390
267,391
268,392
269,393
270,394
271,395
272,396
273,397
274,398
275,399
276,400
277,401
278,402
279,403
280,404
281,405
282,406
283,407
284,408
285,409
286,410
287,411
288,412
289,413
290,414
291,414
292,415
293,416
294,417
295,418
296,419
297,420
298,421
299,422
300,423
301,424
302,425
303,426
304,427
305,428
306,429
307,429
308,430
309,431
310,432
311,433
312,434
313,435
314,436
315,437
316,438
317,439
318,440
319,440
320,441
321,442
322,443
323,444
324,445
325,446
326,447
327,448
328,449
329,450
330,450
331,451
332,452
333,453
334,454
335,455
336,456
337,457
338,458
339,459
340,459
341,460
342,461
343,462
344,463
345,464
346,465
347,466
348,466
349,467
350,468
351,469
352,470
353,471
354,472
355,473
356,474
357,474
358,475
359,476
360,477
361,478
362,479
363,480
364,480
365,481
366,482
367,483
368,484
369,485
370,486
371,487
372,487
373,488
374,489
375,490
376,491
377,492
378,493
379,493
380,494
381,495
382,496
383,497
384,498
385,498
386,499
387,500
388,501
389,502
390,503
391,504
392,504
393,505
394,506
395,507
396,508
397,509
398,509
399,510
400,511
401,512
402,513
403,514
404,514
405,515
406,516
407,517
408,518
409,519
410,519
411,520
412,521
413,522
414,523
415,524
416,524
417,525
418,526
419,527
420,528
421,529
422,529
423,530
424,531
425,532
426,533
427,533
428,534
429,535
430,536
431,537
432,538
433,538
434,539
435,540
436,541
437,542
438,542
439,543
440,544
441,545
442,546
443,546
444,547
445,548
446,549
447,550
448,551
449,551
450,552
451,553
452,554
453,555
454,555
455,556
456,557
457,558
458,559
459,559
460,560
461,561
462,562
463,562
464,563
465,564
466,565
467,566
468,566
469,567
470,568
471,569
472,570
473,570
474,571
475,572
476,573
477,574
478,574
479,575
480,576
481,577
482,578
483,578
484,579
485,580
486,581
487,581
488,582
489,583
490,584
491,585
492,585
493,586
494,587
495,588
496,588
497,589
498,590
499,591
500,592
501,592
502,593
503,594
504,595
505,595
506,596
507,597
508,598
509,599
510,599
511,600
512,601
513,602
514,602
515,603
516,604
517,605
518,605
519,606
520,607
521,608
522,609
523,609
524,610
525,611
526,612
527,612
528,613
529,614
530,615
531,615
532,616
533,617
534,618
535,619
536,619
537,620
538,621
539,622
540,622
541,623
542,624
543,625
544,625
545,626
546,627
547,628
548,628
549,629
550,630
551,631
552,631
553,632
554,633
555,634
556,634
557,635
558,636
559,637
560,637
561,638
562,639
563,640
564,640
565,641
566,642
567,643
568,643
569,644
570,645
571,646
572,646
573,647
574,648
575,649
576,649
577,650
578,651
579,652
580,652
581,653
582,654
583,655
584,655
585,656
586,657
587,658
588,658
589,659
590,660
591,661
592,661
593,662
594,663
595,664
596,664
597,665
598,666
599,667
600,667
601,668
602,669
603,670
604,670
605,671
606,672
607,673
608,673
609,674
610,675
611,676
612,676
613,677
614,678
615,678
616,679
617,680
618,681
619,681
620,682
621,683
622,684
623,684
624,685
625,686
626,687
627,687
628,688
629,689
630,690
631,690
632,691
633,692
634,693
635,693
636,694
637,695
638,695
639,696
640,697
641,698
642,698
643,699
644,700
645,701
646,701
647,702
648,703
649,704
650,704
651,705
652,706
653,707
654,707
655,708
656,709
657,709
658,710
659,711
660,712
661,712
662,713
663,714
664,715
665,715
666,716
667,717
668,718
669,718
670,719
671,720
672,720
673,721
674,722
675,723
676,723
677,724
678,725
679,726
680,726
681,727
682,728
683,729
684,729
685,730
686,731
687,731
688,732
689,733
690,734
691,734
692,735
693,736
694,737
695,737
696,738
697,739
698,740
699,740
700,741
701,742
702,742
703,743
704,744
705,745
706,745
707,746
708,747
709,748
710,748
711,749
712,750
713,751
714,751
715,752
716,753
717,753
718,754
719,755
720,756
721,756
722,757
723,758
724,759
725,759
726,760
727,761
728,762
729,762
730,763
731,764
732,765
733,765
734,766
735,767
736,767
737,768
738,769
739,770
740,770
741,771
742,772
743,773
744,773
745,774
746,775
747,776
748,776
749,777
750,778
751,779
752,779
753,780
754,781
755,782
756,782
757,783
758,784
759,784
760,785
761,786
762,787
763,787
764,788
765,789
766,790
767,790
768,791
769,792
770,793
771,793
772,794
773,795
774,796
775,796
776,797
777,798
778,799
779,799
780,800
781,801
782,802
783,802
784,803
785,804
786,805
787,805
788,806
789,807
790,808
791,808
792,809
793,810
794,811
795,811
796,812
797,813
798,814
799,814
800,815
801,816
802,817
803,817
804,818
805,819
806,820
807,820
808,821
809,822
810,823
811,824
812,824
813,825
814,826
815,827
816,827
817,828
818,829
819,830
820,830
821,831
822,832
823,833
824,833
825,834
826,835
827,836
828,837
829,837
830,838
831,839
832,840
833,840
834,841
835,842
836,843
837,843
838,844
839,845
840,846
841,847
842,847
843,848
844,849
845,850
846,850
847,851
848,852
849,853
850,854
851,854
852,855
853,856
854,857
855,858
856,858
857,859
858,860
859,861
860,862
861,862
862,863
863,864
864,865
865,866
866,866
867,867
868,868
869,869
870,870
871,870
872,871
873,872
874,873
875,874
876,874
877,875
878,876
879,877
880,878
881,878
882,879
883,880
884,881
885,882
886,883
887,883
888,884
889,885
890,886
891,887
892,887
893,888
894,889
895,890
896,891
897,892
898,892
899,893
900,894
901,895
902,896
903,897
904,898
905,898
906,899
907,900
908,901
909,902
910,903
911,904
912,904
913,905
914,906
915,907
916,908
917,909
918,910
919,910
920,911
921,912
922,913
923,914
924,915
925,916
926,917
927,918
928,918
929,919
930,920
931,921
932,922
933,923
934,924
935,925
936,926
937,927
938,928
939,928
940,929
941,930
942,931
943,932
944,933
945,934
946,935
947,936
948,937
949,938
950,939
951,940
952,941
953,942
954,943
955,944
956,945
957,946
958,947
959,948
960,949
961,950
962,951
963,952
964,953
965,954
966,955
967,956
968,957
969,958
970,959
971,960
972,961
973,962
974,963
975,965
976,966
977,967
978,968
979,969
980,970
981,971
982,973
983,974
984,975
985,976
986,977
987,979
988,980
989,981
990,983
991,984
992,985
993,987
994,988
995,990
996,991
997,993
998,995
999,997
1000,999
