//
//*****************************************************
// Score calibration for non_holiday transactions credit model
//*****************************************************
//

TYPE holfcr30_SCORE_CONVERT = RECORD
  SCORE     : INT16;
  NEW_SCORE : INT16;
END;

TABLE holfcr30_SCORE_CONVERT OF holfcr30_SCORE_CONVERT
NUM_ROWS = 1001
DATA = 
0,1
1,1
2,1
3,1
4,1
5,1
6,2
7,2
8,2
9,3
10,3
11,4
12,4
13,4
14,5
15,5
16,6
17,6
18,7
19,7
20,8
21,8
22,9
23,9
24,10
25,10
26,11
27,11
28,12
29,12
30,13
31,13
32,14
33,14
34,15
35,15
36,16
37,17
38,17
39,18
40,18
41,19
42,20
43,20
44,21
45,21
46,22
47,23
48,23
49,24
50,24
51,25
52,26
53,26
54,27
55,28
56,28
57,29
58,30
59,30
60,31
61,32
62,32
63,33
64,34
65,34
66,35
67,36
68,36
69,37
70,38
71,38
72,39
73,40
74,40
75,41
76,42
77,43
78,43
79,44
80,45
81,45
82,46
83,47
84,48
85,48
86,49
87,50
88,51
89,51
90,52
91,53
92,54
93,54
94,55
95,56
96,57
97,57
98,58
99,59
100,60
101,61
102,61
103,62
104,63
105,64
106,65
107,65
108,66
109,67
110,68
111,69
112,69
113,70
114,71
115,72
116,73
117,73
118,74
119,75
120,76
121,77
122,78
123,78
124,79
125,80
126,81
127,82
128,83
129,83
130,84
131,85
132,86
133,87
134,88
135,89
136,89
137,90
138,91
139,92
140,93
141,94
142,95
143,96
144,96
145,97
146,98
147,99
148,100
149,101
150,102
151,103
152,104
153,104
154,105
155,106
156,107
157,108
158,109
159,110
160,111
161,112
162,113
163,114
164,115
165,115
166,116
167,117
168,118
169,119
170,120
171,121
172,122
173,123
174,124
175,125
176,126
177,127
178,128
179,129
180,130
181,131
182,131
183,132
184,133
185,134
186,135
187,136
188,137
189,138
190,139
191,140
192,141
193,142
194,143
195,144
196,145
197,146
198,147
199,148
200,149
201,150
202,151
203,152
204,153
205,154
206,155
207,156
208,157
209,158
210,159
211,160
212,161
213,162
214,163
215,164
216,165
217,166
218,167
219,168
220,169
221,170
222,171
223,172
224,173
225,174
226,175
227,176
228,177
229,178
230,179
231,180
232,182
233,183
234,184
235,185
236,186
237,187
238,188
239,189
240,190
241,191
242,192
243,193
244,194
245,195
246,196
247,197
248,198
249,199
250,200
251,202
252,203
253,204
254,205
255,206
256,207
257,208
258,209
259,210
260,211
261,212
262,213
263,214
264,216
265,217
266,218
267,219
268,220
269,221
270,222
271,223
272,224
273,225
274,227
275,228
276,229
277,230
278,231
279,232
280,233
281,234
282,235
283,236
284,238
285,239
286,240
287,241
288,242
289,243
290,244
291,245
292,247
293,248
294,249
295,250
296,251
297,252
298,253
299,254
300,256
301,257
302,258
303,259
304,260
305,261
306,262
307,263
308,265
309,266
310,267
311,268
312,269
313,270
314,271
315,273
316,274
317,275
318,276
319,277
320,278
321,280
322,281
323,282
324,283
325,284
326,285
327,286
328,288
329,289
330,290
331,291
332,292
333,293
334,295
335,296
336,297
337,298
338,299
339,300
340,302
341,303
342,304
343,305
344,306
345,307
346,309
347,310
348,311
349,312
350,313
351,315
352,316
353,317
354,318
355,319
356,320
357,322
358,323
359,324
360,325
361,326
362,328
363,329
364,330
365,331
366,332
367,334
368,335
369,336
370,337
371,338
372,340
373,341
374,342
375,343
376,344
377,346
378,347
379,348
380,349
381,350
382,352
383,353
384,354
385,355
386,356
387,358
388,359
389,360
390,361
391,362
392,364
393,365
394,366
395,367
396,369
397,370
398,371
399,372
400,373
401,375
402,376
403,377
404,378
405,379
406,381
407,382
408,383
409,384
410,386
411,387
412,388
413,389
414,390
415,392
416,393
417,394
418,395
419,397
420,398
421,399
422,400
423,402
424,403
425,404
426,405
427,406
428,408
429,409
430,410
431,411
432,413
433,414
434,415
435,416
436,418
437,419
438,420
439,421
440,422
441,424
442,425
443,426
444,427
445,429
446,430
447,431
448,432
449,434
450,435
451,436
452,437
453,439
454,440
455,441
456,442
457,444
458,445
459,446
460,447
461,449
462,450
463,451
464,452
465,454
466,455
467,456
468,457
469,458
470,460
471,461
472,462
473,463
474,465
475,466
476,467
477,468
478,470
479,471
480,472
481,473
482,475
483,476
484,477
485,478
486,480
487,481
488,482
489,483
490,485
491,486
492,487
493,488
494,490
495,491
496,492
497,493
498,495
499,496
500,497
501,498
502,500
503,501
504,502
505,503
506,505
507,506
508,507
509,508
510,510
511,511
512,512
513,513
514,515
515,516
516,517
517,518
518,520
519,521
520,522
521,523
522,525
523,526
524,527
525,528
526,530
527,531
528,532
529,533
530,535
531,536
532,537
533,538
534,540
535,541
536,542
537,543
538,545
539,546
540,547
541,548
542,550
543,551
544,552
545,553
546,555
547,556
548,557
549,558
550,560
551,561
552,562
553,563
554,564
555,566
556,567
557,568
558,569
559,571
560,572
561,573
562,574
563,576
564,577
565,578
566,579
567,581
568,582
569,583
570,584
571,586
572,587
573,588
574,589
575,591
576,592
577,593
578,594
579,595
580,597
581,598
582,599
583,600
584,602
585,603
586,604
587,605
588,607
589,608
590,609
591,610
592,611
593,613
594,614
595,615
596,616
597,618
598,619
599,620
600,621
601,622
602,624
603,625
604,626
605,627
606,629
607,630
608,631
609,632
610,633
611,635
612,636
613,637
614,638
615,640
616,641
617,642
618,643
619,644
620,646
621,647
622,648
623,649
624,650
625,652
626,653
627,654
628,655
629,657
630,658
631,659
632,660
633,661
634,663
635,664
636,665
637,666
638,667
639,669
640,670
641,671
642,672
643,673
644,675
645,676
646,677
647,678
648,679
649,681
650,682
651,683
652,684
653,685
654,686
655,688
656,689
657,690
658,691
659,692
660,694
661,695
662,696
663,697
664,698
665,699
666,701
667,702
668,703
669,704
670,705
671,707
672,708
673,709
674,710
675,711
676,712
677,714
678,715
679,716
680,717
681,718
682,719
683,721
684,722
685,723
686,724
687,725
688,726
689,727
690,729
691,730
692,731
693,732
694,733
695,734
696,736
697,737
698,738
699,739
700,740
701,741
702,742
703,744
704,745
705,746
706,747
707,748
708,749
709,750
710,752
711,753
712,754
713,755
714,756
715,757
716,758
717,759
718,761
719,762
720,763
721,764
722,765
723,766
724,767
725,768
726,769
727,771
728,772
729,773
730,774
731,775
732,776
733,777
734,778
735,779
736,781
737,782
738,783
739,784
740,785
741,786
742,787
743,788
744,789
745,790
746,791
747,793
748,794
749,795
750,796
751,797
752,798
753,799
754,800
755,801
756,802
757,803
758,804
759,806
760,807
761,808
762,809
763,810
764,811
765,812
766,813
767,814
768,815
769,816
770,817
771,818
772,819
773,820
774,821
775,822
776,823
777,825
778,826
779,827
780,828
781,829
782,830
783,831
784,832
785,833
786,834
787,835
788,836
789,837
790,838
791,839
792,840
793,841
794,842
795,843
796,844
797,845
798,846
799,847
800,848
801,849
802,850
803,851
804,852
805,853
806,854
807,855
808,856
809,857
810,858
811,859
812,860
813,861
814,862
815,863
816,864
817,865
818,866
819,867
820,868
821,869
822,870
823,871
824,872
825,873
826,874
827,875
828,876
829,877
830,877
831,878
832,879
833,880
834,881
835,882
836,883
837,884
838,885
839,886
840,887
841,888
842,889
843,890
844,891
845,892
846,892
847,893
848,894
849,895
850,896
851,897
852,898
853,899
854,900
855,901
856,902
857,902
858,903
859,904
860,905
861,906
862,907
863,908
864,909
865,910
866,910
867,911
868,912
869,913
870,914
871,915
872,916
873,917
874,917
875,918
876,919
877,920
878,921
879,922
880,922
881,923
882,924
883,925
884,926
885,927
886,928
887,928
888,929
889,930
890,931
891,932
892,932
893,933
894,934
895,935
896,936
897,937
898,937
899,938
900,939
901,940
902,940
903,941
904,942
905,943
906,944
907,944
908,945
909,946
910,947
911,947
912,948
913,949
914,950
915,951
916,951
917,952
918,953
919,954
920,954
921,955
922,956
923,956
924,957
925,958
926,959
927,959
928,960
929,961
930,962
931,962
932,963
933,964
934,964
935,965
936,966
937,966
938,967
939,968
940,968
941,969
942,970
943,970
944,971
945,972
946,972
947,973
948,974
949,974
950,975
951,976
952,976
953,977
954,978
955,978
956,979
957,979
958,980
959,981
960,981
961,982
962,982
963,983
964,984
965,984
966,985
967,985
968,986
969,986
970,987
971,988
972,988
973,989
974,989
975,990
976,990
977,991
978,991
979,992
980,992
981,993
982,993
983,994
984,994
985,995
986,995
987,995
988,996
989,996
990,997
991,997
992,998
993,998
994,998
995,999
996,999
997,999
998,999
999,999
1000,999
