
//
//*************************************************
// Postal code lat/long tables 
//************************************************
//

TABLE POSTLL_DATA OF POSTLL_DATA
NUM_ROWS = 2308
DATA =
"005",409,726,-50
"006",183,669,-40
"007",182,661,-40
"008",180,648,-40
"009",184,661,-40
"010",423,726,-50
"011",421,726,-50
"012",423,732,-50
"013",426,726,-50
"014",425,718,-50
"015",422,718,-50
"016",423,718,-50
"017",424,714,-50
"018",426,712,-50
"019",426,709,-50
"020",421,711,-50
"021",423,711,-50
"022",424,711,-50
"023",420,709,-50
"024",421,710,-50
"025",416,706,-50
"026",417,702,-50
"027",418,711,-50
"028",417,715,-50
"029",418,714,-50
"030",429,715,-50
"031",430,715,-50
"032",435,717,-50
"033",432,715,-50
"034",429,722,-50
"035",445,715,-50
"036",432,723,-50
"037",437,722,-50
"038",434,710,-50
"039",432,707,-50
"040",437,705,-50
"041",437,703,-50
"042",443,704,-50
"043",443,698,-50
"044",451,687,-50
"045",439,696,-50
"046",445,680,-50
"047",467,682,-50
"048",441,691,-50
"049",447,696,-50
"050",438,724,-50
"051",433,726,-50
"052",430,732,-50
"053",429,727,-50
"054",446,731,-50
"055",443,726,-50
"056",443,726,-50
"057",437,731,-50
"058",447,721,-50
"059",448,717,-50
"060",419,728,-50
"061",418,727,-50
"062",418,721,-50
"063",415,720,-50
"064",414,728,-50
"065",413,729,-50
"066",412,732,-50
"067",416,732,-50
"068",412,735,-50
"069",411,735,-50
"070",408,742,-50
"071",407,742,-50
"072",407,742,-50
"073",407,741,-50
"074",410,743,-50
"075",409,742,-50
"076",409,740,-50
"077",403,741,-50
"078",409,748,-50
"079",407,745,-50
"080",398,750,-50
"081",399,751,-50
"082",393,747,-50
"083",394,750,-50
"084",393,745,-50
"085",403,747,-50
"086",402,747,-50
"087",400,741,-50
"088",405,746,-50
"089",405,745,-50
"090",405,745,-50
"091",405,745,-50
"092",405,745,-50
"093",405,745,-50
"094",405,745,-50
"095",405,745,-50
"096",405,745,-50
"097",405,745,-50
"098",405,745,-50
"099",405,745,-50
"100",408,740,-50
"101",408,740,-50
"102",407,740,-50
"103",406,741,-50
"104",408,739,-50
"105",412,738,-50
"106",410,738,-50
"107",409,739,-50
"108",409,738,-50
"109",413,742,-50
"110",408,737,-50
"111",408,739,-50
"112",407,740,-50
"113",408,738,-50
"114",407,738,-50
"115",407,736,-50
"116",406,738,-50
"117",408,733,-50
"118",408,735,-50
"119",409,726,-50
"120",427,739,-50
"121",427,739,-50
"122",427,738,-50
"123",428,739,-50
"124",421,742,-50
"125",418,739,-50
"126",417,739,-50
"127",417,747,-50
"128",435,737,-50
"129",446,739,-50
"130",430,762,-50
"131",431,762,-50
"132",431,762,-50
"133",431,752,-50
"134",431,753,-50
"135",431,752,-50
"136",443,755,-50
"137",422,756,-50
"138",423,756,-50
"139",421,759,-50
"140",428,786,-50
"141",428,787,-50
"142",429,788,-50
"143",431,790,-50
"144",430,776,-50
"145",429,775,-50
"146",432,776,-50
"147",422,789,-50
"148",423,771,-50
"149",421,768,-50
"150",405,801,-50
"151",404,799,-50
"152",404,800,-50
"153",400,802,-50
"154",400,798,-50
"155",400,789,-50
"156",403,795,-50
"157",407,790,-50
"158",412,787,-50
"159",404,789,-50
"160",410,799,-50
"161",411,804,-50
"162",410,794,-50
"163",416,796,-50
"164",419,800,-50
"165",421,801,-50
"166",405,784,-50
"167",418,785,-50
"168",409,780,-50
"169",418,773,-50
"170",404,770,-50
"171",403,769,-50
"172",400,778,-50
"173",399,769,-50
"174",400,767,-50
"175",401,762,-50
"176",400,763,-50
"177",413,771,-50
"178",409,768,-50
"179",407,763,-50
"180",406,754,-50
"181",406,755,-50
"182",409,759,-50
"183",411,752,-50
"184",416,754,-50
"185",414,757,-50
"186",412,759,-50
"187",412,759,-50
"188",418,761,-50
"189",403,752,-50
"190",400,752,-50
"191",400,752,-50
"192",400,752,-50
"193",400,757,-50
"194",401,753,-50
"195",404,759,-50
"196",403,759,-50
"197",397,757,-50
"198",397,756,-50
"199",389,754,-50
"200",389,770,-50
"201",392,775,-50
"202",389,770,-50
"203",389,770,-50
"204",389,770,-50
"205",389,770,-50
"206",384,767,-50
"207",389,768,-50
"208",391,772,-50
"209",390,770,-50
"210",394,766,-50
"211",394,766,-50
"212",393,766,-50
"213",390,765,-50
"214",390,765,-50
"215",396,790,-50
"216",389,760,-50
"217",395,775,-50
"218",383,756,-50
"219",396,759,-50
"220",389,774,-50
"221",388,774,-50
"222",389,771,-50
"223",388,771,-50
"224",381,770,-50
"225",380,770,-50
"226",390,782,-50
"227",385,781,-50
"228",386,788,-50
"229",380,786,-50
"230",376,771,-50
"231",375,770,-50
"232",375,775,-50
"233",374,760,-50
"234",373,760,-50
"235",369,763,-50
"236",371,764,-50
"237",368,763,-50
"238",370,774,-50
"239",370,784,-50
"240",372,800,-50
"241",371,802,-50
"242",369,825,-50
"243",368,812,-50
"244",381,794,-50
"245",372,791,-50
"246",372,818,-50
"247",374,812,-50
"248",375,816,-50
"249",378,805,-50
"250",382,815,-50
"251",382,815,-50
"252",387,815,-50
"253",384,816,-50
"254",394,782,-50
"255",383,822,-50
"256",377,820,-50
"257",384,824,-50
"258",378,812,-50
"259",378,811,-50
"260",402,806,-50
"261",392,813,-50
"262",388,801,-50
"263",392,805,-50
"264",392,804,-50
"265",396,801,-50
"266",385,808,-50
"267",394,790,-50
"268",389,791,-50
"269",362,804,-50
"270",362,804,-50
"271",361,802,-50
"272",359,797,-50
"273",360,796,-50
"274",361,798,-50
"275",359,786,-50
"276",358,786,-50
"277",360,789,-50
"278",359,774,-50
"279",361,762,-50
"280",354,810,-50
"281",353,808,-50
"282",352,808,-50
"283",350,790,-50
"284",343,782,-50
"285",350,771,-50
"286",361,814,-50
"287",354,827,-50
"288",356,825,-50
"289",351,839,-50
"290",340,808,-50
"291",339,809,-50
"292",340,810,-50
"293",349,819,-50
"294",329,801,-50
"295",341,794,-50
"296",347,826,-50
"297",349,810,-50
"298",335,818,-50
"299",325,809,-50
"300",338,844,-50
"301",340,848,-50
"302",335,843,-50
"303",338,844,-50
"304",324,821,-50
"305",345,837,-50
"306",339,833,-50
"307",348,851,-50
"308",333,824,-50
"309",335,820,-50
"310",326,835,-50
"311",338,844,-50
"312",328,836,-50
"313",319,814,-50
"314",321,811,-50
"315",313,821,-50
"316",310,832,-50
"317",314,841,-50
"318",325,847,-50
"319",325,850,-50
"320",302,821,-50
"321",293,814,-50
"322",303,816,-50
"323",303,843,-50
"324",305,856,-50
"325",305,870,-50
"326",296,824,-50
"327",288,813,-50
"328",285,814,-50
"329",281,806,-50
"330",257,804,-50
"331",258,803,-50
"332",258,802,-50
"333",261,802,-50
"334",266,802,-50
"335",281,823,-50
"336",280,825,-50
"337",278,827,-50
"338",279,817,-50
"339",266,819,-50
"340",273,825,-50
"341",273,825,-50
"342",273,825,-50
"343",290,823,-50
"344",290,823,-50
"345",281,827,-50
"346",281,827,-50
"347",285,816,-50
"348",273,804,-50
"349",273,804,-50
"350",336,867,-50
"351",335,867,-50
"352",335,868,-50
"353",331,877,-50
"354",331,877,-50
"355",340,877,-50
"356",347,873,-50
"357",347,863,-50
"358",347,866,-50
"359",343,860,-50
"360",321,861,-50
"361",324,863,-50
"362",336,857,-50
"363",313,856,-50
"364",314,871,-50
"365",309,879,-50
"366",307,881,-50
"367",323,874,-50
"368",326,853,-50
"369",361,869,-50
"370",361,869,-50
"371",361,868,-50
"372",362,868,-50
"373",353,853,-50
"374",350,853,-50
"375",351,900,-50
"376",364,824,-50
"377",362,839,-50
"378",361,838,-50
"379",360,840,-50
"380",355,895,-60
"381",351,900,-60
"382",363,887,-60
"383",356,886,-60
"384",353,873,-60
"385",362,854,-60
"386",346,898,-60
"387",336,908,-60
"388",343,887,-60
"389",338,900,-60
"390",325,902,-60
"391",324,902,-60
"392",323,902,-60
"393",324,888,-60
"394",313,893,-60
"395",304,890,-60
"396",313,906,-60
"397",335,888,-60
"398",339,843,-60
"399",339,843,-60
"400",381,853,-50
"401",378,862,-50
"402",382,857,-50
"403",381,842,-50
"404",375,843,-50
"405",380,845,-50
"406",382,849,-50
"407",370,841,-50
"408",369,833,-50
"409",369,837,-50
"410",388,844,-50
"411",384,829,-50
"412",379,827,-50
"413",376,835,-50
"414",378,831,-50
"415",375,824,-50
"416",375,827,-50
"417",372,832,-50
"418",372,829,-50
"419",369,886,-50
"420",369,886,-50
"421",369,861,-50
"422",370,869,-50
"423",375,870,-50
"424",375,877,-50
"425",371,847,-50
"426",368,847,-50
"427",373,857,-50
"428",402,829,-50
"429",402,829,-50
"430",402,829,-50
"431",397,829,-50
"432",400,830,-50
"433",405,833,-50
"434",415,833,-50
"435",415,841,-50
"436",417,836,-50
"437",398,817,-50
"438",403,819,-50
"439",402,809,-50
"440",415,814,-50
"441",415,817,-50
"442",411,816,-50
"443",411,815,-50
"444",411,808,-50
"445",411,807,-50
"446",407,815,-50
"447",408,814,-50
"448",410,828,-50
"449",408,825,-50
"450",394,845,-50
"451",391,839,-50
"452",392,845,-50
"453",400,843,-50
"454",397,842,-50
"455",399,838,-50
"456",389,828,-50
"457",394,818,-50
"458",408,842,-50
"459",402,860,-50
"460",402,860,-50
"461",396,861,-50
"462",398,862,-50
"463",414,872,-50
"464",416,873,-50
"465",415,861,-50
"466",417,863,-50
"467",412,852,-50
"468",411,851,-50
"469",407,861,-50
"470",392,851,-50
"471",384,860,-50
"472",391,857,-50
"473",401,852,-50
"474",390,867,-50
"475",384,870,-50
"476",382,875,-50
"477",380,876,-50
"478",395,873,-50
"479",404,871,-50
"480",427,829,-50
"481",422,835,-50
"482",424,831,-50
"483",426,833,-50
"484",432,833,-50
"485",430,837,-50
"486",438,843,-50
"487",439,836,-50
"488",430,847,-50
"489",427,846,-50
"490",422,856,-50
"491",419,864,-50
"492",420,843,-50
"493",432,855,-50
"494",432,861,-50
"495",429,857,-50
"496",445,856,-50
"497",456,845,-50
"498",461,872,-50
"499",467,888,-50
"500",417,938,-60
"501",416,934,-60
"502",417,935,-60
"503",416,936,-60
"504",432,934,-60
"505",427,944,-60
"506",426,925,-60
"507",425,923,-60
"508",409,945,-60
"509",416,936,-60
"510",426,959,-60
"511",425,964,-60
"512",433,960,-60
"513",433,952,-60
"514",421,951,-60
"515",414,955,-60
"516",407,954,-60
"517",425,910,-60
"518",425,910,-60
"519",425,910,-60
"520",425,910,-60
"521",432,918,-60
"522",419,917,-60
"523",419,917,-60
"524",420,917,-60
"525",410,924,-60
"526",409,914,-60
"527",417,907,-60
"528",435,882,-60
"529",435,882,-60
"530",435,882,-60
"531",427,882,-60
"532",430,880,-60
"533",427,878,-60
"534",427,878,-60
"535",429,896,-60
"536",431,894,-60
"537",431,894,-60
"538",428,907,-60
"539",436,895,-60
"540",451,925,-60
"541",449,882,-60
"542",445,876,-60
"543",445,880,-60
"544",449,898,-60
"545",459,899,-60
"546",439,909,-60
"547",448,916,-60
"548",460,917,-60
"549",442,888,-60
"550",450,930,-60
"551",450,931,-60
"552",450,939,-60
"553",450,939,-60
"554",450,933,-60
"555",450,938,-60
"556",475,910,-60
"557",471,928,-60
"558",468,921,-60
"559",439,923,-60
"560",440,939,-60
"561",439,957,-60
"562",450,957,-60
"563",458,946,-60
"564",465,945,-60
"565",468,962,-60
"566",478,945,-60
"567",484,963,-60
"568",435,970,-60
"569",435,970,-60
"570",435,970,-60
"571",435,967,-60
"572",450,971,-60
"573",438,984,-60
"574",454,987,-60
"575",437,1003,-60
"576",456,1014,-60
"577",441,1032,-60
"578",467,973,-60
"579",467,973,-60
"580",467,973,-60
"581",469,969,-60
"582",482,976,-60
"583",483,993,-60
"584",469,991,-60
"585",468,1009,-60
"586",468,1029,-60
"587",483,1015,-60
"588",483,1035,-60
"589",458,1087,-60
"590",458,1087,-70
"591",458,1085,-70
"592",483,1053,-70
"593",463,1054,-70
"594",477,1112,-70
"595",485,1094,-70
"596",465,1119,-70
"597",457,1122,-70
"598",470,1143,-70
"599",483,1144,-70
"600",422,880,-60
"601",420,882,-60
"602",420,877,-60
"603",419,879,-60
"604",415,879,-60
"605",417,883,-60
"606",419,877,-60
"607",420,878,-60
"608",408,879,-60
"609",408,879,-60
"610",422,895,-60
"611",423,891,-60
"612",415,904,-60
"613",414,892,-60
"614",408,904,-60
"615",407,897,-60
"616",407,896,-60
"617",405,889,-60
"618",401,881,-60
"619",397,882,-60
"620",391,900,-60
"621",384,898,-60
"622",384,898,-60
"623",400,911,-60
"624",390,882,-60
"625",397,892,-60
"626",398,900,-60
"627",398,896,-60
"628",383,887,-60
"629",376,890,-60
"630",385,907,-60
"631",386,903,-60
"632",390,910,-60
"633",390,910,-60
"634",400,918,-60
"635",402,926,-60
"636",377,906,-60
"637",373,898,-60
"638",365,898,-60
"639",369,905,-60
"640",391,942,-60
"641",391,946,-60
"642",401,947,-60
"643",401,947,-60
"644",401,947,-60
"645",398,948,-60
"646",399,936,-60
"647",381,942,-60
"648",370,944,-60
"649",389,945,-60
"650",385,923,-60
"651",386,922,-60
"652",392,924,-60
"653",388,933,-60
"654",377,918,-60
"655",376,919,-60
"656",371,932,-60
"657",370,930,-60
"658",372,933,-60
"659",389,951,-60
"660",389,951,-60
"661",391,947,-60
"662",390,947,-60
"663",394,960,-60
"664",394,960,-60
"665",393,961,-60
"666",390,957,-60
"667",376,951,-60
"668",384,964,-60
"669",398,977,-60
"670",375,976,-60
"671",376,977,-60
"672",377,973,-60
"673",372,958,-60
"674",389,977,-60
"675",382,988,-60
"676",393,994,-60
"677",393,1011,-60
"678",378,1006,-60
"679",371,1014,-60
"680",415,964,-60
"681",412,960,-60
"682",405,968,-60
"683",405,968,-60
"684",406,966,-60
"685",408,967,-60
"686",415,975,-60
"687",424,977,-60
"688",411,989,-60
"689",403,988,-60
"690",403,1009,-60
"691",413,1016,-60
"692",426,1003,-60
"693",422,1031,-60
"694",422,1031,-60
"695",422,1031,-60
"696",422,1031,-60
"697",422,1031,-60
"698",422,1031,-60
"699",422,1031,-60
"700",299,902,-60
"701",300,901,-60
"702",297,908,-60
"703",297,908,-60
"704",306,902,-60
"705",302,921,-60
"706",304,932,-60
"707",305,912,-60
"708",305,911,-60
"709",325,935,-60
"710",325,935,-60
"711",325,938,-60
"712",325,920,-60
"713",313,920,-60
"714",315,928,-60
"715",337,917,-60
"716",337,917,-60
"717",335,928,-60
"718",337,938,-60
"719",344,935,-60
"720",350,920,-60
"721",349,921,-60
"722",347,923,-60
"723",351,905,-60
"724",360,907,-60
"725",360,918,-60
"726",362,929,-60
"727",362,942,-60
"728",353,934,-60
"729",353,942,-60
"730",352,977,-60
"731",355,975,-60
"732",302,979,-60
"733",302,979,-60
"734",341,971,-60
"735",345,987,-60
"736",355,993,-60
"737",364,981,-60
"738",365,996,-60
"739",367,1015,-60
"740",363,962,-60
"741",361,960,-60
"742",365,950,-60
"743",365,950,-60
"744",356,954,-60
"745",347,957,-60
"746",367,971,-60
"747",340,956,-60
"748",352,967,-60
"749",352,947,-60
"750",330,968,-60
"751",326,965,-60
"752",328,968,-60
"753",328,968,-60
"754",334,958,-60
"755",332,945,-60
"756",325,946,-60
"757",322,953,-60
"758",315,957,-60
"759",313,944,-60
"760",327,973,-60
"761",327,973,-60
"762",334,973,-60
"763",338,988,-60
"764",325,985,-60
"765",311,975,-60
"766",317,970,-60
"767",315,972,-60
"768",313,993,-60
"769",314,1006,-60
"770",298,954,-60
"771",298,954,-60
"772",298,954,-60
"773",303,953,-60
"774",295,959,-60
"775",296,950,-60
"776",301,941,-60
"777",301,941,-60
"778",306,963,-60
"779",289,969,-60
"780",290,989,-60
"781",292,980,-60
"782",295,985,-60
"783",277,978,-60
"784",278,974,-60
"785",263,981,-60
"786",302,979,-60
"787",303,978,-60
"788",293,1001,-60
"789",299,968,-60
"790",353,1015,-60
"791",352,1018,-60
"792",342,1006,-60
"793",335,1022,-60
"794",336,1019,-60
"795",327,1002,-60
"796",324,997,-60
"797",317,1025,-60
"798",308,1048,-60
"799",318,1065,-60
"800",398,1050,-70
"801",395,1048,-70
"802",397,1050,-70
"803",400,1053,-70
"804",399,1059,-70
"805",404,1051,-70
"806",404,1046,-70
"807",405,1030,-70
"808",391,1039,-70
"809",388,1048,-70
"810",379,1038,-70
"811",374,1062,-70
"812",385,1061,-70
"813",375,1085,-70
"814",384,1080,-70
"815",391,1086,-70
"816",397,1074,-70
"817",412,1050,-70
"818",412,1050,-70
"819",412,1050,-70
"820",412,1050,-70
"821",450,1107,-70
"822",423,1046,-70
"823",416,1071,-70
"824",444,1084,-70
"825",431,1088,-70
"826",430,1064,-70
"827",443,1048,-70
"828",447,1068,-70
"829",418,1099,-70
"830",436,1107,-70
"831",425,1107,-70
"832",429,1123,-70
"833",428,1142,-70
"834",440,1121,-70
"835",462,1163,-70
"836",439,1164,-70
"837",436,1162,-70
"838",477,1165,-70
"839",406,1114,-70
"840",406,1114,-70
"841",407,1119,-70
"842",412,1120,-70
"843",417,1121,-70
"844",412,1120,-70
"845",387,1103,-70
"846",396,1119,-70
"847",378,1126,-70
"848",335,1121,-70
"849",335,1121,-70
"850",335,1121,-70
"851",333,1117,-70
"852",333,1117,-70
"853",335,1129,-70
"854",333,1103,-70
"855",333,1103,-70
"856",318,1104,-70
"857",322,1110,-70
"858",342,1099,-70
"859",342,1099,-70
"860",357,1112,-70
"861",347,1123,-70
"862",347,1123,-70
"863",347,1123,-70
"864",353,1141,-70
"865",360,1094,-70
"866",352,1068,-70
"867",352,1068,-70
"868",352,1068,-70
"869",352,1068,-70
"870",352,1068,-70
"871",351,1066,-70
"872",355,1086,-70
"873",355,1086,-70
"874",367,1083,-70
"875",362,1059,-70
"876",361,1049,-70
"877",361,1049,-70
"878",341,1076,-70
"879",329,1072,-70
"880",325,1076,-70
"881",343,1035,-70
"882",328,1039,-70
"883",333,1056,-70
"884",358,1037,-70
"885",318,1065,-70
"886",361,1152,-70
"887",361,1152,-70
"888",361,1152,-70
"889",361,1152,-70
"890",366,1154,-80
"891",362,1152,-80
"892",392,1153,-80
"893",392,1153,-80
"894",397,1191,-80
"895",395,1198,-80
"896",392,1198,-80
"897",392,1198,-80
"898",411,1155,-80
"899",411,1155,-80
"900",340,1183,-80
"901",340,1183,-80
"902",340,1183,-80
"903",340,1183,-80
"904",340,1185,-80
"905",338,1183,-80
"906",339,1180,-80
"907",338,1182,-80
"908",338,1182,-80
"909",342,1182,-80
"910",342,1182,-80
"911",341,1181,-80
"912",342,1183,-80
"913",342,1186,-80
"914",342,1185,-80
"915",342,1183,-80
"916",342,1184,-80
"917",341,1178,-80
"918",341,1181,-80
"919",327,1169,-80
"920",331,1171,-80
"921",328,1171,-80
"922",336,1160,-80
"923",345,1170,-80
"924",341,1173,-80
"925",338,1172,-80
"926",337,1178,-80
"927",337,1179,-80
"928",338,1179,-80
"929",343,1191,-80
"930",343,1191,-80
"931",344,1197,-80
"932",359,1192,-80
"933",354,1190,-80
"934",352,1206,-80
"935",355,1181,-80
"936",368,1197,-80
"937",368,1198,-80
"938",367,1197,-80
"939",365,1216,-80
"940",375,1223,-80
"941",378,1224,-80
"942",386,1215,-80
"943",374,1221,-80
"944",376,1223,-80
"945",379,1221,-80
"946",378,1222,-80
"947",379,1223,-80
"948",379,1223,-80
"949",381,1226,-80
"950",371,1219,-80
"951",373,1219,-80
"952",381,1210,-80
"953",376,1207,-80
"954",388,1230,-80
"955",407,1239,-80
"956",386,1213,-80
"957",389,1210,-80
"958",386,1215,-80
"959",395,1216,-80
"960",409,1223,-80
"961",399,1203,-80
"962",399,1203,-100
"963",399,1203,-100
"964",399,1203,-100
"965",399,1203,-100
"966",208,1570,-100
"967",208,1570,-100
"968",213,1579,-100
"969",130,-1450,100
"970",455,1222,-80
"971",455,1235,-80
"972",455,1227,-80
"973",448,1232,-80
"974",435,1234,-80
"975",424,1231,-80
"976",425,1213,-80
"977",439,1205,-80
"978",452,1186,-80
"979",439,1175,-80
"980",475,1222,-80
"981",476,1223,-80
"982",483,1223,-80
"983",475,1227,-80
"984",472,1225,-80
"985",469,1232,-80
"986",459,1225,-80
"987",479,1199,-80
"988",479,1199,-80
"989",467,1205,-80
"990",476,1174,-90
"991",478,1180,-90
"992",477,1174,-90
"993",464,1189,-90
"994",463,1171,-90
"995",603,1543,-90
"996",602,1568,-90
"997",657,1533,-90
"998",580,1348,-90
"999",557,1322,-90
"A0A",476,532,-40
"A0B",475,537,-40
"A0C",484,535,-40
"A0E",474,548,-40
"A0G",492,543,-40
"A0H",483,556,-40
"A0J",495,558,-40
"A0K",508,565,-40
"A0L",489,581,-40
"A0M",476,579,-40
"A0N",482,588,-40
"A0P",542,602,-40
"A0R",532,654,-40
"A1A",475,527,-40
"A1B",475,527,-40
"A1C",475,527,-40
"A1E",475,527,-40
"A1G",475,527,-40
"A1L",475,528,-40
"A1N",475,528,-40
"A1S",474,527,-40
"A1V",489,546,-40
"A2A",489,556,-40
"A2H",489,579,-40
"A2N",485,585,-40
"A2V",526,663,-40
"B0A",460,602,-40
"B0C",466,604,-40
"B0E",460,610,-40
"B0H",455,615,-40
"B0J",446,635,-40
"B0K",456,629,-40
"B0L",457,642,-40
"B0M",455,639,-40
"B0N",450,636,-40
"B0P",450,644,-40
"B0R",444,646,-40
"B0S",447,654,-40
"B0T",439,650,-40
"B0V",444,661,-40
"B0W",437,658,-40
"B1A",461,599,-40
"B1H",462,600,-40
"B1N",461,601,-40
"B1P",461,601,-40
"B1R",461,602,-40
"B1S",461,602,-40
"B1V",462,602,-40
"B2A",462,602,-40
"B2G",456,620,-40
"B2H",455,626,-40
"B2N",453,632,-40
"B2V",446,634,-40
"B2W",446,635,-40
"B2X",446,635,-40
"B2Y",446,635,-40
"B3A",446,635,-40
"B3B",447,636,-40
"B3H",446,635,-40
"B3J",446,635,-40
"B3K",446,636,-40
"B3L",446,636,-40
"B3M",446,636,-40
"B3N",446,636,-40
"B3P",446,636,-40
"B3R",446,636,-40
"B4A",447,636,-40
"B4B",447,637,-40
"B4C",447,636,-40
"B4E",447,636,-40
"B4G",448,636,-40
"B4H",458,642,-40
"B4N",450,644,-40
"B4V",443,645,-40
"B5A",438,661,-40
"C0A",462,629,-40
"C0B",465,639,-40
"C1A",462,631,-40
"C1B",462,631,-40
"C1C",462,631,-40
"C1E",462,631,-40
"C1N",464,637,-40
"E0A",461,647,-40
"E0B",477,653,-40
"E0C",470,654,-40
"E0E",459,658,-40
"E0G",453,664,-40
"E0H",460,669,-40
"E0J",466,675,-40
"E0K",475,668,-40
"E0L",472,682,-40
"E1A",461,647,-40
"E1B",460,647,-40
"E1C",460,647,-40
"E1E",460,648,-40
"E1G",461,648,-40
"E1N",470,654,-40
"E1V",470,655,-40
"E2A",476,656,-40
"E2E",454,659,-40
"E2G",454,659,-40
"E2H",453,660,-40
"E2J",452,660,-40
"E2K",452,660,-40
"E2L",452,660,-40
"E2M",452,660,-40
"E2N",453,659,-40
"E2P",452,659,-40
"E2V",458,664,-40
"E3A",459,666,-40
"E3B",459,666,-40
"E3C",459,666,-40
"E3L",451,672,-40
"E3N",480,666,-40
"E3V",473,683,-40
"G0A",470,715,-50
"G0B",473,618,-50
"G0C",482,653,-50
"G0E",491,653,-50
"G0G",508,623,-50
"G0H",492,682,-50
"G0J",485,674,-50
"G0K",483,683,-50
"G0L",477,692,-50
"G0M",460,707,-50
"G0N",461,712,-50
"G0P",460,717,-50
"G0R",467,704,-50
"G0S",465,714,-50
"G0T",479,698,-50
"G0V",483,709,-50
"G0W",487,722,-50
"G0X",465,725,-50
"G0Y",456,710,-50
"G0Z",461,721,-50
"G1B",469,712,-50
"G1C",468,711,-50
"G1E",468,711,-50
"G1G",468,712,-50
"G1H",468,712,-50
"G1J",468,712,-50
"G1K",468,712,-50
"G1L",468,712,-50
"G1M",468,712,-50
"G1N",468,712,-50
"G1P",468,713,-50
"G1R",468,712,-50
"G1S",467,712,-50
"G1T",467,712,-50
"G1V",467,712,-50
"G1W",467,712,-50
"G1X",467,713,-50
"G1Y",467,713,-50
"G2A",468,713,-50
"G2B",468,713,-50
"G2C",468,713,-50
"G2E",468,713,-50
"G2G",467,713,-50
"G2H",468,712,-50
"G2J",468,712,-50
"G2K",468,713,-50
"G2L",468,712,-50
"G2M",469,713,-50
"G2N",469,713,-50
"G3A",467,714,-50
"G3J",468,714,-50
"G3K",468,714,-50
"G4R",502,663,-50
"G4S",502,664,-50
"G4W",488,675,-50
"G4Z",492,681,-50
"G5A",476,701,-50
"G5B",500,668,-50
"G5C",491,682,-50
"G5H",485,681,-50
"G5L",484,685,-50
"G5M",484,685,-50
"G5N",484,685,-50
"G5R",478,695,-50
"G5V",469,705,-50
"G5Y",461,706,-50
"G5Z",461,706,-50
"G6A",461,706,-50
"G6B",455,708,-50
"G6E",464,710,-50
"G6G",461,712,-50
"G6L",462,717,-50
"G6P",460,719,-50
"G6R",460,719,-50
"G6S",460,719,-50
"G6T",460,719,-50
"G6V",468,711,-50
"G6W",467,712,-50
"G6X",467,712,-50
"G6Z",467,711,-50
"G7A",466,713,-50
"G7B",483,708,-50
"G7G",484,710,-50
"G7H",484,710,-50
"G7J",483,711,-50
"G7K",483,710,-50
"G7S",484,711,-50
"G7X",484,712,-50
"G7Y",483,712,-50
"G7Z",484,712,-50
"G8A",484,712,-50
"G8B",485,716,-50
"G8C",485,716,-50
"G8H",485,722,-50
"G8K",486,724,-50
"G8L",488,722,-50
"G8P",499,743,-50
"G8T",463,725,-50
"G8V",463,725,-50
"G8W",463,725,-50
"G8Y",463,726,-50
"G8Z",463,725,-50
"G9A",463,725,-50
"G9B",463,725,-50
"G9C",463,726,-50
"G9N",465,727,-50
"G9P",465,727,-50
"G9R",465,728,-50
"G9T",466,726,-50
"G9X",474,727,-50
"H0A",456,736,-50
"H0M",450,746,-50
"H1A",456,734,-50
"H1B",456,735,-50
"H1C",456,735,-50
"H1E",456,735,-50
"H1G",456,736,-50
"H1H",455,736,-50
"H1J",456,735,-50
"H1K",456,735,-50
"H1L",456,735,-50
"H1M",455,735,-50
"H1N",455,735,-50
"H1P",455,735,-50
"H1R",455,736,-50
"H1S",455,735,-50
"H1T",455,735,-50
"H1V",455,735,-50
"H1W",455,735,-50
"H1X",455,735,-50
"H1Y",455,735,-50
"H1Z",455,736,-50
"H2A",455,735,-50
"H2B",455,736,-50
"H2C",455,736,-50
"H2E",455,736,-50
"H2G",455,735,-50
"H2H",455,735,-50
"H2J",455,735,-50
"H2K",455,735,-50
"H2L",455,735,-50
"H2M",455,736,-50
"H2N",455,736,-50
"H2P",455,736,-50
"H2R",455,736,-50
"H2S",455,736,-50
"H2T",455,735,-50
"H2V",455,736,-50
"H2W",455,735,-50
"H2X",455,735,-50
"H2Y",455,735,-50
"H2Z",455,735,-50
"H3A",455,735,-50
"H3B",455,735,-50
"H3C",454,735,-50
"H3E",454,735,-50
"H3G",454,735,-50
"H3H",454,735,-50
"H3J",454,735,-50
"H3K",454,735,-50
"H3L",455,736,-50
"H3M",455,736,-50
"H3N",455,736,-50
"H3P",455,736,-50
"H3R",455,736,-50
"H3S",455,736,-50
"H3T",455,736,-50
"H3V",456,736,-50
"H3W",454,736,-50
"H3X",454,736,-50
"H3Y",454,736,-50
"H3Z",454,735,-50
"H4A",454,736,-50
"H4B",454,736,-50
"H4C",454,735,-50
"H4E",454,735,-50
"H4G",454,735,-50
"H4H",454,735,-50
"H4J",455,737,-50
"H4K",455,737,-50
"H4L",455,736,-50
"H4M",455,736,-50
"H4N",455,736,-50
"H4P",454,736,-50
"H4R",455,737,-50
"H4S",454,737,-50
"H4T",454,737,-50
"H4V",454,736,-50
"H4W",454,736,-50
"H4X",454,736,-50
"H4Y",454,737,-50
"H4Z",454,735,-50
"H5A",454,735,-50
"H5B",455,735,-50
"H7A",456,735,-50
"H7C",456,736,-50
"H7E",455,736,-50
"H7G",455,736,-50
"H7H",456,737,-50
"H7K",456,737,-50
"H7L",456,737,-50
"H7M",456,737,-50
"H7N",455,737,-50
"H7P",455,738,-50
"H7R",455,738,-50
"H7S",455,737,-50
"H7T",455,737,-50
"H7V",455,737,-50
"H7W",455,737,-50
"H7X",455,738,-50
"H7Y",455,738,-50
"H8N",454,736,-50
"H8P",454,736,-50
"H8R",454,736,-50
"H8S",454,736,-50
"H8T",454,737,-50
"H8Y",455,738,-50
"H8Z",455,738,-50
"H9A",454,738,-50
"H9B",454,737,-50
"H9C",454,738,-50
"H9E",454,739,-50
"H9G",454,738,-50
"H9H",454,738,-50
"H9J",454,738,-50
"H9K",454,739,-50
"H9P",454,737,-50
"H9R",454,738,-50
"H9S",454,737,-50
"H9W",454,738,-50
"H9X",454,739,-50
"J0A",458,719,-50
"J0B",453,718,-50
"J0C",459,724,-50
"J0E",452,725,-50
"J0G",460,727,-50
"J0H",456,728,-50
"J0J",451,731,-50
"J0K",462,734,-50
"J0L",454,733,-50
"J0M",580,746,-50
"J0N",456,739,-50
"J0P",454,740,-50
"J0R",458,740,-50
"J0S",451,740,-50
"J0T",461,744,-50
"J0V",457,747,-50
"J0W",466,755,-50
"J0X",457,761,-50
"J0Y",494,769,-50
"J0Z",481,791,-50
"J1A",451,718,-50
"J1E",454,718,-50
"J1G",454,718,-50
"J1H",453,718,-50
"J1J",454,719,-50
"J1K",453,719,-50
"J1L",453,719,-50
"J1M",453,718,-50
"J1N",453,719,-50
"J1S",455,720,-50
"J1T",457,719,-50
"J1X",452,721,-50
"J2A",458,724,-50
"J2B",458,724,-50
"J2C",458,725,-50
"J2E",459,725,-50
"J2G",454,727,-50
"J2H",454,727,-50
"J2J",453,727,-50
"J2K",452,727,-50
"J2N",452,729,-50
"J2S",456,729,-50
"J2T",456,729,-50
"J2X",453,732,-50
"J3A",453,732,-50
"J3B",453,732,-50
"J3G",455,732,-50
"J3H",455,731,-50
"J3L",454,732,-50
"J3P",460,731,-50
"J3R",460,731,-50
"J3V",455,733,-50
"J3Y",454,734,-50
"J3Z",454,733,-50
"J4B",456,734,-50
"J4G",455,734,-50
"J4H",455,735,-50
"J4J",455,734,-50
"J4K",455,734,-50
"J4L",455,734,-50
"J4M",455,734,-50
"J4N",455,734,-50
"J4P",455,735,-50
"J4R",454,735,-50
"J4S",454,734,-50
"J4T",454,734,-50
"J4V",454,734,-50
"J4W",454,734,-50
"J4X",454,734,-50
"J4Y",454,734,-50
"J4Z",454,734,-50
"J5A",453,735,-50
"J5R",454,735,-50
"J5V",462,729,-50
"J5Y",457,734,-50
"J5Z",457,734,-50
"J6A",457,734,-50
"J6E",460,734,-50
"J6J",453,737,-50
"J6K",453,737,-50
"J6N",453,738,-50
"J6R",453,737,-50
"J6S",452,741,-50
"J6T",452,741,-50
"J6W",457,736,-50
"J6X",457,736,-50
"J6Z",456,737,-50
"J7A",456,737,-50
"J7B",456,738,-50
"J7C",456,738,-50
"J7E",456,738,-50
"J7G",456,738,-50
"J7H",456,738,-50
"J7K",457,736,-50
"J7L",457,736,-50
"J7N",471,712,-50
"J7P",455,738,-50
"J7R",455,739,-50
"J7V",453,739,-50
"J7W",453,739,-50
"J7Y",457,740,-50
"J7Z",457,739,-50
"J8C",460,742,-50
"J8H",456,743,-50
"J8L",455,754,-50
"J8P",454,756,-50
"J8R",455,756,-50
"J8T",454,757,-50
"J8V",454,757,-50
"J8X",454,757,-50
"J8Y",454,757,-50
"J8Z",454,757,-50
"J9A",454,757,-50
"J9E",463,759,-50
"J9H",453,758,-50
"J9J",454,758,-50
"J9L",465,754,-50
"J9P",480,777,-50
"J9T",485,781,-50
"J9X",482,790,-50
"J9Z",487,792,-50
"K0A",452,758,-50
"K0B",455,747,-50
"K0C",451,749,-50
"K0E",447,757,-50
"K0G",448,760,-50
"K0H",446,767,-50
"K0J",456,774,-50
"K0K",442,774,-50
"K0L",446,780,-50
"K0M",447,786,-50
"K1A",454,756,-50
"K1B",454,755,-50
"K1C",454,755,-50
"K1E",454,755,-50
"K1G",453,756,-50
"K1H",453,756,-50
"K1J",454,756,-50
"K1K",454,756,-50
"K1L",454,756,-50
"K1M",454,756,-50
"K1N",454,756,-50
"K1P",454,756,-50
"K1R",454,757,-50
"K1S",454,756,-50
"K1T",453,756,-50
"K1V",453,756,-50
"K1W",454,755,-50
"K1Y",453,757,-50
"K1Z",453,757,-50
"K2A",453,757,-50
"K2B",453,757,-50
"K2C",453,757,-50
"K2E",453,757,-50
"K2G",453,757,-50
"K2H",453,758,-50
"K2J",452,757,-50
"K2K",453,759,-50
"K2L",453,758,-50
"K2M",452,758,-50
"K2P",454,756,-50
"K2R",452,757,-50
"K4A",454,754,-50
"K4B",453,754,-50
"K6A",456,746,-50
"K6H",450,747,-50
"K6J",450,747,-50
"K6K",450,748,-50
"K6V",445,756,-50
"K7A",448,760,-50
"K7C",451,761,-50
"K7G",443,761,-50
"K7H",449,762,-50
"K7K",442,764,-50
"K7L",442,764,-50
"K7M",442,765,-50
"K7N",442,766,-50
"K7P",442,765,-50
"K7R",442,769,-50
"K7S",454,763,-50
"K7V",454,766,-50
"K8A",458,771,-50
"K8B",458,770,-50
"K8H",458,772,-50
"K8N",441,776,-50
"K8P",441,773,-50
"K8R",441,774,-50
"K8V",441,775,-50
"K9A",439,781,-50
"K9H",443,783,-50
"K9J",442,783,-50
"K9K",442,783,-50
"K9L",443,782,-50
"K9V",443,787,-50
"L0A",440,785,-50
"L0B",440,788,-50
"L0C",441,790,-50
"L0E",442,793,-50
"L0G",440,797,-50
"L0H",439,791,-50
"L0J",437,796,-50
"L0K",447,796,-50
"L0L",444,798,-50
"L0M",443,800,-50
"L0N",439,800,-50
"L0P",436,798,-50
"L0R",431,797,-50
"L0S",431,791,-50
"L1A",439,782,-50
"L1C",439,786,-50
"L1E",439,787,-50
"L1G",439,788,-50
"L1H",438,788,-50
"L1J",438,788,-50
"L1K",439,788,-50
"L1L",439,788,-50
"L1N",438,789,-50
"L1P",438,789,-50
"L1R",439,789,-50
"L1S",438,790,-50
"L1T",438,790,-50
"L1V",438,791,-50
"L1W",438,790,-50
"L1X",438,790,-50
"L1Z",438,790,-50
"L2A",429,789,-50
"L2E",431,790,-50
"L2G",430,790,-50
"L2H",430,791,-50
"L2J",431,791,-50
"L2M",431,792,-50
"L2N",431,792,-50
"L2P",431,792,-50
"L2R",431,792,-50
"L2S",431,792,-50
"L2T",431,792,-50
"L2V",431,792,-50
"L2W",431,792,-50
"L3B",429,792,-50
"L3C",429,792,-50
"L3K",428,792,-50
"L3M",431,795,-50
"L3P",438,792,-50
"L3R",438,793,-50
"L3S",438,792,-50
"L3T",438,793,-50
"L3V",446,794,-50
"L3X",440,794,-50
"L3Y",440,794,-50
"L3Z",441,795,-50
"L4A",439,792,-50
"L4B",438,793,-50
"L4C",438,794,-50
"L4E",439,794,-50
"L4G",439,794,-50
"L4J",438,794,-50
"L4K",438,794,-50
"L4L",437,795,-50
"L4M",444,796,-50
"L4N",443,796,-50
"L4P",442,794,-50
"L4R",447,798,-50
"L4T",437,796,-50
"L4V",436,796,-50
"L4W",436,796,-50
"L4X",436,795,-50
"L4Y",436,795,-50
"L4Z",436,796,-50
"L5A",435,796,-50
"L5B",435,796,-50
"L5C",435,796,-50
"L5E",435,795,-50
"L5G",435,795,-50
"L5H",435,796,-50
"L5J",435,796,-50
"L5K",435,796,-50
"L5L",435,796,-50
"L5M",435,797,-50
"L5N",435,797,-50
"L5P",436,796,-50
"L5R",436,796,-50
"L5S",436,796,-50
"L5T",436,796,-50
"L5V",436,796,-50
"L6A",438,795,-50
"L6C",438,793,-50
"L6E",439,792,-50
"L6H",434,797,-50
"L6J",434,796,-50
"L6K",434,796,-50
"L6L",434,797,-50
"L6M",434,797,-50
"L6S",437,797,-50
"L6T",437,797,-50
"L6V",437,797,-50
"L6W",436,797,-50
"L6X",436,797,-50
"L6Y",436,797,-50
"L6Z",437,797,-50
"L7A",437,797,-50
"L7E",438,797,-50
"L7G",436,799,-50
"L7J",436,800,-50
"L7L",433,797,-50
"L7M",433,798,-50
"L7N",433,797,-50
"L7P",433,798,-50
"L7R",433,797,-50
"L7S",433,798,-50
"L7T",433,798,-50
"L7V",433,798,-50
"L8E",432,797,-50
"L8G",432,797,-50
"L8H",432,797,-50
"L8J",431,797,-50
"L8K",432,797,-50
"L8L",432,798,-50
"L8M",432,798,-50
"L8N",432,798,-50
"L8P",432,798,-50
"L8R",432,798,-50
"L8S",432,799,-50
"L8T",432,798,-50
"L8V",432,798,-50
"L8W",432,798,-50
"L9A",432,798,-50
"L9B",432,798,-50
"L9C",432,799,-50
"L9G",432,799,-50
"L9H",432,799,-50
"L9J",433,799,-50
"L9K",432,799,-50
"L9T",435,798,-50
"L9W",439,801,-50
"L9Y",444,802,-50
"M1B",438,792,-50
"M1C",437,791,-50
"M1E",437,791,-50
"M1G",437,792,-50
"M1H",437,792,-50
"M1J",437,792,-50
"M1K",437,792,-50
"M1L",437,792,-50
"M1M",437,792,-50
"M1N",436,792,-50
"M1P",437,792,-50
"M1R",437,793,-50
"M1S",437,792,-50
"M1T",437,793,-50
"M1V",438,792,-50
"M1W",437,793,-50
"M1X",438,792,-50
"M2H",438,793,-50
"M2J",437,793,-50
"M2K",437,793,-50
"M2L",437,793,-50
"M2M",437,794,-50
"M2N",437,794,-50
"M2P",437,793,-50
"M2R",437,794,-50
"M3A",437,793,-50
"M3B",437,793,-50
"M3C",437,793,-50
"M3H",437,794,-50
"M3J",437,794,-50
"M3K",437,794,-50
"M3L",437,795,-50
"M3M",437,794,-50
"M3N",437,795,-50
"M4A",437,793,-50
"M4B",437,793,-50
"M4C",436,793,-50
"M4E",436,792,-50
"M4G",437,793,-50
"M4H",437,793,-50
"M4J",436,793,-50
"M4K",436,793,-50
"M4L",436,793,-50
"M4M",436,793,-50
"M4N",437,793,-50
"M4P",437,793,-50
"M4R",437,794,-50
"M4S",437,793,-50
"M4T",436,793,-50
"M4V",436,794,-50
"M4W",436,793,-50
"M4X",436,793,-50
"M4Y",437,793,-50
"M5A",436,793,-50
"M5B",436,793,-50
"M5C",436,793,-50
"M5E",436,793,-50
"M5G",436,793,-50
"M5H",436,793,-50
"M5J",436,793,-50
"M5K",436,793,-50
"M5L",436,793,-50
"M5M",437,794,-50
"M5N",437,794,-50
"M5P",436,794,-50
"M5R",436,794,-50
"M5S",436,793,-50
"M5T",436,793,-50
"M5V",436,793,-50
"M5W",436,793,-50
"M5X",436,793,-50
"M6A",437,794,-50
"M6B",437,794,-50
"M6C",436,794,-50
"M6E",436,794,-50
"M6G",436,794,-50
"M6H",436,794,-50
"M6J",436,794,-50
"M6K",436,794,-50
"M6L",437,794,-50
"M6M",436,794,-50
"M6N",436,794,-50
"M6P",436,794,-50
"M6R",436,794,-50
"M6S",436,794,-50
"M8V",436,795,-50
"M8W",436,795,-50
"M8X",436,795,-50
"M8Y",436,794,-50
"M8Z",436,795,-50
"M9A",436,795,-50
"M9B",436,795,-50
"M9C",436,795,-50
"M9L",437,795,-50
"M9M",437,795,-50
"M9N",437,795,-50
"M9P",436,795,-50
"M9R",436,795,-50
"M9V",437,795,-50
"M9W",437,795,-50
"N0A",430,798,-50
"N0B",435,804,-50
"N0C",443,805,-50
"N0E",429,802,-50
"N0G",439,810,-50
"N0H",446,810,-50
"N0J",430,807,-50
"N0K",434,811,-50
"N0L",427,813,-50
"N0M",433,813,-50
"N0N",429,821,-50
"N0P",423,822,-50
"N0R",421,827,-50
"N1A",429,796,-50
"N1E",435,802,-50
"N1G",435,802,-50
"N1H",435,802,-50
"N1K",435,802,-50
"N1L",435,802,-50
"N1M",437,803,-50
"N1R",433,803,-50
"N1S",433,803,-50
"N1T",434,803,-50
"N2A",434,804,-50
"N2B",434,804,-50
"N2C",434,804,-50
"N2E",434,804,-50
"N2G",434,804,-50
"N2H",434,804,-50
"N2J",434,805,-50
"N2K",434,804,-50
"N2L",434,805,-50
"N2M",434,805,-50
"N2N",434,805,-50
"N2P",433,804,-50
"N2R",433,804,-50
"N2T",434,805,-50
"N2V",434,805,-50
"N2Z",441,816,-50
"N3B",435,805,-50
"N3C",434,803,-50
"N3H",433,803,-50
"N3L",431,803,-50
"N3P",431,802,-50
"N3R",431,802,-50
"N3S",431,802,-50
"N3T",431,802,-50
"N3V",431,802,-50
"N3Y",428,803,-50
"N4B",428,804,-50
"N4G",428,807,-50
"N4K",445,809,-50
"N4N",441,810,-50
"N4S",431,807,-50
"N4T",431,807,-50
"N4V",431,807,-50
"N4W",437,809,-50
"N4Z",433,809,-50
"N5A",433,809,-50
"N5C",430,808,-50
"N5H",427,809,-50
"N5P",427,811,-50
"N5R",427,811,-50
"N5V",430,811,-50
"N5W",429,811,-50
"N5X",430,812,-50
"N5Y",430,812,-50
"N5Z",429,812,-50
"N6A",429,812,-50
"N6B",429,812,-50
"N6C",429,812,-50
"N6E",429,812,-50
"N6G",430,812,-50
"N6H",429,812,-50
"N6J",429,812,-50
"N6K",429,813,-50
"N6L",429,812,-50
"N6M",429,811,-50
"N6N",429,811,-50
"N7A",437,817,-50
"N7G",429,816,-50
"N7L",424,821,-50
"N7M",423,821,-50
"N7S",429,823,-50
"N7T",429,823,-50
"N7V",430,823,-50
"N7W",429,823,-50
"N7X",430,823,-50
"N8A",425,823,-50
"N8H",420,826,-50
"N8M",421,828,-50
"N8N",423,828,-50
"N8P",423,829,-50
"N8R",423,829,-50
"N8S",423,829,-50
"N8T",423,829,-50
"N8V",422,829,-50
"N8W",422,829,-50
"N8X",422,830,-50
"N8Y",423,829,-50
"N9A",423,830,-50
"N9B",423,830,-50
"N9C",422,830,-50
"N9E",422,830,-50
"N9G",422,830,-50
"N9H",422,830,-50
"N9J",422,830,-50
"N9K",422,828,-50
"N9V",421,831,-50
"N9Y",420,827,-50
"P0A",455,792,-50
"P0B",451,794,-50
"P0C",450,796,-50
"P0E",448,793,-50
"P0G",456,802,-50
"P0H",463,796,-50
"P0J",476,798,-50
"P0K",483,802,-50
"P0L",500,825,-50
"P0M",468,816,-50
"P0N",484,823,-50
"P0P",459,821,-50
"P0R",463,834,-50
"P0S",473,842,-50
"P0T",495,883,-50
"P0V",513,921,-50
"P0W",488,937,-50
"P0X",499,940,-50
"P0Y",497,928,-50
"P1A",462,794,-50
"P1B",463,794,-50
"P1C",463,794,-50
"P2A",453,800,-50
"P2N",481,800,-50
"P3A",465,809,-50
"P3B",464,809,-50
"P3C",464,810,-50
"P3E",464,809,-50
"P3G",464,809,-50
"P4N",484,813,-50
"P4P",484,813,-50
"P4R",484,813,-50
"P5A",463,826,-50
"P5N",494,824,-50
"P6A",465,843,-50
"P6B",465,843,-50
"P6C",465,843,-50
"P7A",484,892,-50
"P7B",484,892,-50
"P7C",483,892,-50
"P7E",483,892,-50
"P8N",497,927,-50
"P9A",486,933,-50
"P9N",497,944,-50
"R0A",493,966,-60
"R0B",553,975,-60
"R0C",509,976,-60
"R0E",502,963,-60
"R0G",494,979,-60
"R0H",501,984,-60
"R0J",505,1000,-60
"R0K",495,996,-60
"R0L",517,1004,-60
"R0M",497,1009,-60
"R1A",501,968,-60
"R1N",499,982,-60
"R2C",498,970,-60
"R2E",499,970,-60
"R2G",499,970,-60
"R2H",498,971,-60
"R2J",498,970,-60
"R2K",499,970,-60
"R2L",499,971,-60
"R2M",498,971,-60
"R2N",498,970,-60
"R2P",499,971,-60
"R2R",499,972,-60
"R2V",499,971,-60
"R2W",499,971,-60
"R2X",499,971,-60
"R2Y",498,972,-60
"R3A",499,971,-60
"R3B",498,971,-60
"R3C",498,971,-60
"R3E",499,971,-60
"R3G",498,971,-60
"R3H",499,972,-60
"R3J",498,972,-60
"R3K",498,972,-60
"R3L",498,971,-60
"R3M",498,971,-60
"R3N",498,971,-60
"R3P",498,972,-60
"R3R",498,972,-60
"R3S",498,972,-60
"R3T",498,971,-60
"R3V",497,971,-60
"R3W",499,970,-60
"R3X",498,970,-60
"R3Y",498,972,-60
"R6W",491,979,-60
"R7A",498,999,-60
"R7B",498,999,-60
"R7N",511,1000,-60
"R8A",547,1018,-60
"R8N",557,978,-60
"R9A",538,1012,-60
"S0A",513,1028,-70
"S0C",494,1030,-70
"S0E",529,1037,-70
"S0G",505,1040,-70
"S0H",500,1061,-70
"S0J",540,1059,-70
"S0K",522,1063,-70
"S0L",515,1084,-70
"S0M",536,1087,-70
"S0N",500,1085,-70
"S0P",553,1022,-70
"S3N",512,1024,-70
"S4A",491,1029,-70
"S4H",496,1038,-70
"S4N",504,1045,-70
"S4P",504,1046,-70
"S4R",504,1046,-70
"S4S",504,1046,-70
"S4T",504,1046,-70
"S4V",504,1045,-70
"S4X",504,1046,-70
"S4Y",504,1046,-70
"S6H",503,1055,-70
"S6J",504,1055,-70
"S6K",503,1055,-70
"S6V",531,1057,-70
"S6W",531,1057,-70
"S6X",531,1057,-70
"S7H",521,1066,-70
"S7J",520,1066,-70
"S7K",521,1066,-70
"S7L",521,1067,-70
"S7M",521,1067,-70
"S7N",521,1066,-70
"S7P",521,1066,-70
"S7S",521,1065,-70
"S9A",527,1082,-70
"S9H",502,1077,-70
"S9V",532,1099,-70
"T0A",544,1117,-70
"T0B",531,1117,-70
"T0C",527,1132,-70
"T0E",535,1154,-70
"T0G",547,1144,-70
"T0H",562,1180,-70
"T0J",510,1118,-70
"T0K",495,1125,-70
"T0L",505,1140,-70
"T0M",518,1140,-70
"T0P",573,1116,-70
"T1A",500,1106,-70
"T1B",500,1106,-70
"T1C",500,1106,-70
"T1H",497,1128,-70
"T1J",496,1128,-70
"T1K",496,1128,-70
"T1Y",510,1139,-70
"T2A",510,1139,-70
"T2B",510,1139,-70
"T2C",509,1140,-70
"T2E",510,1140,-70
"T2G",510,1140,-70
"T2H",509,1140,-70
"T2J",509,1140,-70
"T2K",511,1140,-70
"T2L",510,1141,-70
"T2M",510,1140,-70
"T2N",510,1141,-70
"T2P",510,1140,-70
"T2R",510,1140,-70
"T2S",510,1140,-70
"T2T",510,1140,-70
"T2V",509,1140,-70
"T2W",509,1141,-70
"T2X",509,1140,-70
"T2Y",509,1140,-70
"T2Z",509,1139,-70
"T3A",511,1141,-70
"T3B",510,1141,-70
"T3C",510,1141,-70
"T3E",510,1141,-70
"T3G",511,1141,-70
"T3H",510,1141,-70
"T3J",511,1139,-70
"T3K",511,1140,-70
"T3L",511,1142,-70
"T4A",512,1139,-70
"T4B",512,1140,-70
"T4N",522,1138,-70
"T4P",522,1138,-70
"T4R",522,1137,-70
"T4V",530,1128,-70
"T5A",535,1134,-70
"T5B",535,1134,-70
"T5C",535,1134,-70
"T5E",535,1134,-70
"T5G",535,1134,-70
"T5H",535,1134,-70
"T5J",535,1134,-70
"T5K",535,1135,-70
"T5L",535,1135,-70
"T5M",535,1135,-70
"T5N",535,1135,-70
"T5P",535,1135,-70
"T5R",535,1135,-70
"T5S",535,1136,-70
"T5T",535,1136,-70
"T5V",535,1135,-70
"T5W",535,1134,-70
"T5X",536,1135,-70
"T5Y",536,1133,-70
"T5Z",536,1134,-70
"T6A",535,1134,-70
"T6B",535,1134,-70
"T6C",535,1134,-70
"T6E",535,1134,-70
"T6G",535,1135,-70
"T6H",534,1135,-70
"T6J",534,1135,-70
"T6K",534,1134,-70
"T6L",534,1134,-70
"T6M",534,1136,-70
"T6N",534,1134,-70
"T6P",535,1133,-70
"T6R",534,1135,-70
"T6S",535,1133,-70
"T6T",534,1133,-70
"T6V",536,1135,-70
"T7V",534,1175,-70
"T7X",535,1139,-70
"T8A",535,1133,-70
"T8B",534,1132,-70
"T8C",534,1131,-70
"T8E",534,1130,-70
"T8G",534,1129,-70
"T8H",535,1132,-70
"T8L",537,1132,-70
"T8N",536,1136,-70
"T8S",562,1172,-70
"T8V",551,1187,-70
"T8W",551,1187,-70
"T8X",551,1187,-70
"T9A",529,1133,-70
"T9E",532,1135,-70
"T9H",567,1113,-70
"T9J",567,1113,-70
"T9K",567,1114,-70
"T9N",542,1107,-70
"T9V",532,1100,-70
"V0A",510,1166,-80
"V0B",495,1160,-80
"V0C",565,1220,-80
"V0E",509,1193,-80
"V0G",496,1174,-80
"V0H",494,1192,-80
"V0J",546,1249,-80
"V0K",513,1213,-80
"V0L",520,1233,-80
"V0M",492,1217,-80
"V0N",500,1247,-80
"V0P",503,1256,-80
"V0R",491,1243,-80
"V0S",490,1244,-80
"V0T",532,1296,-80
"V0V",544,1297,-80
"V0W",596,1338,-80
"V0X",491,1217,-80
"V1A",496,1159,-80
"V1B",502,1192,-80
"V1C",495,1157,-80
"V1E",507,1192,-80
"V1G",557,1202,-80
"V1H",538,1228,-80
"V1J",562,1208,-80
"V1L",494,1172,-80
"V1M",491,1226,-80
"V1N",493,1176,-80
"V1R",490,1177,-80
"V1S",506,1203,-80
"V1T",502,1192,-80
"V1V",499,1195,-80
"V1W",498,1194,-80
"V1X",498,1193,-80
"V1Y",498,1194,-80
"V1Z",498,1195,-80
"V2A",494,1195,-80
"V2B",507,1203,-80
"V2C",506,1202,-80
"V2E",506,1203,-80
"V2G",521,1221,-80
"V2H",507,1203,-80
"V2J",529,1224,-80
"V2K",539,1227,-80
"V2L",539,1227,-80
"V2M",539,1227,-80
"V2N",538,1227,-80
"V2P",491,1219,-80
"V2R",491,1219,-80
"V2S",490,1222,-80
"V2T",490,1223,-80
"V2V",491,1223,-80
"V2W",492,1225,-80
"V2X",492,1226,-80
"V2Y",491,1226,-80
"V2Z",490,1226,-80
"V3A",490,1226,-80
"V3B",492,1227,-80
"V3C",492,1227,-80
"V3E",492,1227,-80
"V3G",490,1222,-80
"V3H",492,1228,-80
"V3J",492,1228,-80
"V3K",492,1228,-80
"V3L",492,1229,-80
"V3M",492,1229,-80
"V3N",492,1229,-80
"V3R",491,1228,-80
"V3S",491,1227,-80
"V3T",491,1228,-80
"V3V",491,1228,-80
"V3W",491,1228,-80
"V3Y",492,1226,-80
"V3Z",492,1226,-80
"V4A",490,1228,-80
"V4B",490,1228,-80
"V4C",491,1229,-80
"V4E",491,1229,-80
"V4G",491,1230,-80
"V4K",490,1230,-80
"V4L",490,1230,-80
"V4M",490,1230,-80
"V5A",492,1229,-80
"V5B",492,1229,-80
"V5C",492,1230,-80
"V5E",492,1229,-80
"V5G",492,1229,-80
"V5H",492,1229,-80
"V5J",492,1229,-80
"V5K",492,1230,-80
"V5L",492,1230,-80
"V5M",492,1230,-80
"V5N",492,1230,-80
"V5P",492,1230,-80
"V5R",492,1230,-80
"V5S",492,1230,-80
"V5T",492,1230,-80
"V5V",492,1230,-80
"V5W",492,1230,-80
"V5X",492,1230,-80
"V5Y",492,1231,-80
"V5Z",492,1231,-80
"V6A",492,1230,-80
"V6B",492,1231,-80
"V6C",492,1231,-80
"V6E",492,1231,-80
"V6G",492,1231,-80
"V6H",492,1231,-80
"V6J",492,1231,-80
"V6K",492,1231,-80
"V6L",492,1231,-80
"V6M",492,1231,-80
"V6N",492,1231,-80
"V6P",492,1231,-80
"V6R",492,1231,-80
"V6S",492,1231,-80
"V6T",492,1232,-80
"V6V",491,1230,-80
"V6W",491,1230,-80
"V6X",491,1231,-80
"V6Y",491,1231,-80
"V6Z",492,1231,-80
"V7A",491,1231,-80
"V7B",491,1231,-80
"V7C",491,1231,-80
"V7E",491,1231,-80
"V7G",493,1229,-80
"V7H",493,1229,-80
"V7J",493,1230,-80
"V7K",493,1230,-80
"V7L",493,1230,-80
"V7M",493,1230,-80
"V7N",493,1230,-80
"V7P",493,1231,-80
"V7R",493,1230,-80
"V7S",493,1231,-80
"V7T",493,1231,-80
"V7V",493,1231,-80
"V7W",493,1232,-80
"V7X",492,1231,-80
"V7Y",492,1231,-80
"V8A",498,1245,-80
"V8C",540,1286,-80
"V8G",545,1285,-80
"V8J",543,1303,-80
"V8L",486,1234,-80
"V8N",484,1233,-80
"V8P",484,1233,-80
"V8R",484,1233,-80
"V8S",484,1233,-80
"V8T",484,1233,-80
"V8V",484,1233,-80
"V8W",484,1233,-80
"V8X",484,1233,-80
"V8Y",485,1233,-80
"V8Z",484,1233,-80
"V9A",484,1234,-80
"V9B",484,1234,-80
"V9C",484,1234,-80
"V9E",484,1234,-80
"V9L",487,1237,-80
"V9N",496,1249,-80
"V9R",491,1239,-80
"V9S",491,1239,-80
"V9T",492,1239,-80
"V9V",492,1240,-80
"V9W",500,1252,-80
"V9Y",492,1248,-80
"X0A",684,769,-70
"X0C",634,906,-70
"X0E",655,1189,-70
"X0G",602,1234,-70
"X0H",619,1282,-70
"X1A",624,1143,-70
"Y0A",602,1306,-80
"Y0B",628,1367,-80
