
//
//*****************************************************
// Score calibration for segment of model
//*****************************************************
//

TYPE cred_hid_SCORE_CONVERT = RECORD
  SCORE     : INT16;
  NEW_SCORE : INT16;
END;

TABLE cred_hid_SCORE_CONVERT OF cred_hid_SCORE_CONVERT
NUM_ROWS = 1001
DATA = 
0,0
1,4
2,8
3,12
4,15
5,19
6,22
7,26
8,29
9,32
10,35
11,39
12,42
13,45
14,48
15,51
16,54
17,57
18,60
19,63
20,66
21,69
22,71
23,74
24,77
25,80
26,83
27,85
28,88
29,91
30,94
31,96
32,99
33,102
34,104
35,107
36,109
37,112
38,114
39,117
40,120
41,122
42,125
43,127
44,130
45,132
46,135
47,137
48,139
49,142
50,144
51,147
52,149
53,151
54,154
55,156
56,158
57,161
58,163
59,165
60,168
61,170
62,172
63,174
64,177
65,179
66,181
67,183
68,185
69,188
70,190
71,192
72,194
73,196
74,198
75,201
76,203
77,205
78,207
79,209
80,211
81,213
82,215
83,217
84,219
85,221
86,224
87,226
88,228
89,230
90,232
91,234
92,236
93,238
94,240
95,242
96,243
97,245
98,247
99,249
100,251
101,253
102,255
103,257
104,259
105,261
106,263
107,265
108,266
109,268
110,270
111,272
112,274
113,276
114,278
115,279
116,281
117,283
118,285
119,287
120,288
121,290
122,292
123,294
124,296
125,297
126,299
127,301
128,303
129,304
130,306
131,308
132,309
133,311
134,313
135,315
136,316
137,318
138,320
139,321
140,323
141,325
142,326
143,328
144,330
145,331
146,333
147,335
148,336
149,338
150,340
151,341
152,343
153,344
154,346
155,348
156,349
157,351
158,352
159,354
160,356
161,357
162,359
163,360
164,362
165,363
166,365
167,366
168,368
169,369
170,371
171,373
172,374
173,376
174,377
175,379
176,380
177,382
178,383
179,385
180,386
181,388
182,389
183,390
184,392
185,393
186,395
187,396
188,398
189,399
190,401
191,402
192,404
193,405
194,406
195,408
196,409
197,411
198,412
199,413
200,415
201,416
202,418
203,419
204,420
205,422
206,423
207,425
208,426
209,427
210,429
211,430
212,431
213,433
214,434
215,435
216,437
217,438
218,439
219,441
220,442
221,443
222,445
223,446
224,447
225,449
226,450
227,451
228,453
229,454
230,455
231,456
232,458
233,459
234,460
235,462
236,463
237,464
238,465
239,467
240,468
241,469
242,470
243,472
244,473
245,474
246,475
247,477
248,478
249,479
250,480
251,482
252,483
253,484
254,485
255,486
256,488
257,489
258,490
259,491
260,492
261,494
262,495
263,496
264,497
265,498
266,500
267,501
268,502
269,503
270,504
271,505
272,507
273,508
274,509
275,510
276,511
277,512
278,514
279,515
280,516
281,517
282,518
283,519
284,520
285,522
286,523
287,524
288,525
289,526
290,527
291,528
292,529
293,530
294,532
295,533
296,534
297,535
298,536
299,537
300,538
301,539
302,540
303,541
304,543
305,544
306,545
307,546
308,547
309,548
310,549
311,550
312,551
313,552
314,553
315,554
316,555
317,556
318,557
319,558
320,560
321,561
322,562
323,563
324,564
325,565
326,566
327,567
328,568
329,569
330,570
331,571
332,572
333,573
334,574
335,575
336,576
337,577
338,578
339,579
340,580
341,581
342,582
343,583
344,584
345,585
346,586
347,587
348,588
349,589
350,590
351,591
352,592
353,593
354,594
355,595
356,596
357,597
358,598
359,599
360,600
361,601
362,602
363,602
364,603
365,604
366,605
367,606
368,607
369,608
370,609
371,610
372,611
373,612
374,613
375,614
376,615
377,616
378,617
379,618
380,618
381,619
382,620
383,621
384,622
385,623
386,624
387,625
388,626
389,627
390,628
391,628
392,629
393,630
394,631
395,632
396,633
397,634
398,635
399,636
400,637
401,637
402,638
403,639
404,640
405,641
406,642
407,643
408,644
409,644
410,645
411,646
412,647
413,648
414,649
415,650
416,651
417,651
418,652
419,653
420,654
421,655
422,656
423,657
424,657
425,658
426,659
427,660
428,661
429,662
430,663
431,663
432,664
433,665
434,666
435,667
436,668
437,668
438,669
439,670
440,671
441,672
442,672
443,673
444,674
445,675
446,676
447,677
448,677
449,678
450,679
451,680
452,681
453,681
454,682
455,683
456,684
457,685
458,685
459,686
460,687
461,688
462,689
463,689
464,690
465,691
466,692
467,693
468,693
469,694
470,695
471,696
472,697
473,697
474,698
475,699
476,700
477,700
478,701
479,702
480,703
481,704
482,704
483,705
484,706
485,707
486,707
487,708
488,709
489,710
490,710
491,711
492,712
493,713
494,713
495,714
496,715
497,716
498,716
499,717
500,718
501,719
502,719
503,720
504,721
505,722
506,722
507,723
508,724
509,725
510,725
511,726
512,727
513,728
514,728
515,729
516,730
517,730
518,731
519,732
520,733
521,733
522,734
523,735
524,736
525,736
526,737
527,738
528,738
529,739
530,740
531,741
532,741
533,742
534,743
535,743
536,744
537,745
538,746
539,746
540,747
541,748
542,748
543,749
544,750
545,750
546,751
547,752
548,753
549,753
550,754
551,755
552,755
553,756
554,757
555,757
556,758
557,759
558,759
559,760
560,761
561,761
562,762
563,763
564,763
565,764
566,765
567,765
568,766
569,767
570,768
571,768
572,769
573,770
574,770
575,771
576,772
577,772
578,773
579,774
580,774
581,775
582,776
583,776
584,777
585,777
586,778
587,779
588,779
589,780
590,781
591,781
592,782
593,783
594,783
595,784
596,785
597,785
598,786
599,787
600,787
601,788
602,789
603,789
604,790
605,790
606,791
607,792
608,792
609,793
610,794
611,794
612,795
613,796
614,796
615,797
616,797
617,798
618,799
619,799
620,800
621,801
622,801
623,802
624,802
625,803
626,804
627,804
628,805
629,806
630,806
631,807
632,807
633,808
634,809
635,809
636,810
637,810
638,811
639,812
640,812
641,813
642,814
643,814
644,815
645,815
646,816
647,817
648,817
649,818
650,818
651,819
652,820
653,820
654,821
655,821
656,822
657,823
658,823
659,824
660,824
661,825
662,826
663,826
664,827
665,827
666,828
667,828
668,829
669,830
670,830
671,831
672,831
673,832
674,833
675,833
676,834
677,834
678,835
679,836
680,836
681,837
682,837
683,838
684,838
685,839
686,840
687,840
688,841
689,841
690,842
691,842
692,843
693,844
694,844
695,845
696,845
697,846
698,846
699,847
700,848
701,848
702,849
703,849
704,850
705,850
706,851
707,852
708,852
709,853
710,853
711,854
712,854
713,855
714,855
715,856
716,857
717,857
718,858
719,858
720,859
721,859
722,860
723,860
724,861
725,862
726,862
727,863
728,863
729,864
730,864
731,865
732,865
733,866
734,867
735,867
736,868
737,868
738,869
739,869
740,870
741,870
742,871
743,871
744,872
745,872
746,873
747,874
748,874
749,875
750,875
751,876
752,876
753,877
754,877
755,878
756,878
757,879
758,879
759,880
760,881
761,881
762,882
763,882
764,883
765,883
766,884
767,884
768,885
769,885
770,886
771,886
772,887
773,887
774,888
775,888
776,889
777,889
778,890
779,891
780,891
781,892
782,892
783,893
784,893
785,894
786,894
787,895
788,895
789,896
790,896
791,897
792,897
793,898
794,898
795,899
796,899
797,900
798,900
799,901
800,901
801,902
802,902
803,903
804,903
805,904
806,904
807,905
808,905
809,906
810,906
811,907
812,908
813,908
814,909
815,909
816,910
817,910
818,911
819,911
820,912
821,912
822,913
823,913
824,914
825,914
826,915
827,915
828,916
829,916
830,917
831,917
832,918
833,918
834,919
835,919
836,920
837,920
838,921
839,921
840,922
841,922
842,923
843,923
844,924
845,924
846,925
847,925
848,926
849,926
850,926
851,927
852,927
853,928
854,928
855,929
856,929
857,930
858,930
859,931
860,931
861,932
862,932
863,933
864,933
865,934
866,934
867,935
868,935
869,936
870,936
871,937
872,937
873,938
874,938
875,939
876,939
877,940
878,940
879,941
880,941
881,942
882,942
883,943
884,943
885,944
886,944
887,945
888,945
889,945
890,946
891,946
892,947
893,947
894,948
895,948
896,949
897,949
898,950
899,950
900,951
901,951
902,952
903,952
904,953
905,953
906,954
907,954
908,955
909,955
910,956
911,956
912,957
913,957
914,957
915,958
916,958
917,959
918,959
919,960
920,960
921,961
922,961
923,962
924,962
925,963
926,963
927,964
928,964
929,965
930,965
931,966
932,966
933,967
934,967
935,967
936,968
937,968
938,969
939,969
940,970
941,970
942,971
943,971
944,972
945,972
946,973
947,973
948,974
949,974
950,975
951,975
952,976
953,976
954,977
955,977
956,978
957,978
958,979
959,979
960,979
961,980
962,980
963,981
964,981
965,982
966,982
967,983
968,983
969,984
970,984
971,985
972,985
973,986
974,986
975,987
976,987
977,988
978,988
979,989
980,989
981,990
982,990
983,991
984,991
985,992
986,992
987,993
988,993
989,994
990,994
991,995
992,995
993,996
994,996
995,997
996,998
997,998
998,999
999,999
1000,999
