
//
//*****************************************************
// Score calibration for segment of model
//*****************************************************
//

TYPE cred_gen_SCORE_CONVERT = RECORD
  SCORE     : INT16;
  NEW_SCORE : INT16;
END;

TABLE cred_gen_SCORE_CONVERT OF cred_gen_SCORE_CONVERT
NUM_ROWS = 1001
DATA = 
0,0
1,2
2,3
3,5
4,6
5,8
6,9
7,10
8,12
9,13
10,14
11,15
12,17
13,18
14,19
15,20
16,22
17,23
18,24
19,25
20,26
21,28
22,29
23,30
24,31
25,32
26,34
27,35
28,36
29,37
30,38
31,39
32,40
33,42
34,43
35,44
36,45
37,46
38,47
39,48
40,49
41,51
42,52
43,53
44,54
45,55
46,56
47,57
48,58
49,59
50,60
51,61
52,63
53,64
54,65
55,66
56,67
57,68
58,69
59,70
60,71
61,72
62,73
63,74
64,75
65,76
66,77
67,79
68,80
69,81
70,82
71,83
72,84
73,85
74,86
75,87
76,88
77,89
78,90
79,91
80,92
81,93
82,94
83,95
84,96
85,97
86,98
87,99
88,100
89,101
90,102
91,103
92,104
93,105
94,106
95,107
96,108
97,109
98,110
99,111
100,112
101,113
102,114
103,115
104,116
105,117
106,118
107,119
108,120
109,121
110,122
111,123
112,124
113,125
114,126
115,127
116,128
117,129
118,130
119,131
120,132
121,133
122,134
123,135
124,136
125,137
126,138
127,139
128,140
129,141
130,142
131,143
132,144
133,145
134,146
135,147
136,148
137,149
138,150
139,151
140,152
141,153
142,154
143,155
144,156
145,157
146,158
147,159
148,160
149,161
150,162
151,163
152,164
153,165
154,166
155,167
156,167
157,168
158,169
159,170
160,171
161,172
162,173
163,174
164,175
165,176
166,177
167,178
168,179
169,180
170,181
171,182
172,183
173,184
174,185
175,186
176,187
177,188
178,189
179,189
180,190
181,191
182,192
183,193
184,194
185,195
186,196
187,197
188,198
189,199
190,200
191,201
192,202
193,203
194,204
195,205
196,206
197,206
198,207
199,208
200,209
201,210
202,211
203,212
204,213
205,214
206,215
207,216
208,217
209,218
210,219
211,220
212,221
213,221
214,222
215,223
216,224
217,225
218,226
219,227
220,228
221,229
222,230
223,231
224,232
225,233
226,234
227,235
228,235
229,236
230,237
231,238
232,239
233,240
234,241
235,242
236,243
237,244
238,245
239,246
240,247
241,248
242,248
243,249
244,250
245,251
246,252
247,253
248,254
249,255
250,256
251,257
252,258
253,259
254,260
255,260
256,261
257,262
258,263
259,264
260,265
261,266
262,267
263,268
264,269
265,270
266,271
267,271
268,272
269,273
270,274
271,275
272,276
273,277
274,278
275,279
276,280
277,281
278,282
279,282
280,283
281,284
282,285
283,286
284,287
285,288
286,289
287,290
288,291
289,292
290,293
291,293
292,294
293,295
294,296
295,297
296,298
297,299
298,300
299,301
300,302
301,303
302,303
303,304
304,305
305,306
306,307
307,308
308,309
309,310
310,311
311,312
312,313
313,313
314,314
315,315
316,316
317,317
318,318
319,319
320,320
321,321
322,322
323,323
324,323
325,324
326,325
327,326
328,327
329,328
330,329
331,330
332,331
333,332
334,333
335,333
336,334
337,335
338,336
339,337
340,338
341,339
342,340
343,341
344,342
345,342
346,343
347,344
348,345
349,346
350,347
351,348
352,349
353,350
354,351
355,352
356,352
357,353
358,354
359,355
360,356
361,357
362,358
363,359
364,360
365,361
366,361
367,362
368,363
369,364
370,365
371,366
372,367
373,368
374,369
375,370
376,371
377,371
378,372
379,373
380,374
381,375
382,376
383,377
384,378
385,379
386,380
387,380
388,381
389,382
390,383
391,384
392,385
393,386
394,387
395,388
396,389
397,389
398,390
399,391
400,392
401,393
402,394
403,395
404,396
405,397
406,398
407,398
408,399
409,400
410,401
411,402
412,403
413,404
414,405
415,406
416,407
417,408
418,408
419,409
420,410
421,411
422,412
423,413
424,414
425,415
426,416
427,417
428,417
429,418
430,419
431,420
432,421
433,422
434,423
435,424
436,425
437,426
438,426
439,427
440,428
441,429
442,430
443,431
444,432
445,433
446,434
447,435
448,436
449,436
450,437
451,438
452,439
453,440
454,441
455,442
456,443
457,444
458,445
459,445
460,446
461,447
462,448
463,449
464,450
465,451
466,452
467,453
468,454
469,454
470,455
471,456
472,457
473,458
474,459
475,460
476,461
477,462
478,463
479,464
480,464
481,465
482,466
483,467
484,468
485,469
486,470
487,471
488,472
489,473
490,473
491,474
492,475
493,476
494,477
495,478
496,479
497,480
498,481
499,482
500,483
501,483
502,484
503,485
504,486
505,487
506,488
507,489
508,490
509,491
510,492
511,493
512,493
513,494
514,495
515,496
516,497
517,498
518,499
519,500
520,501
521,502
522,503
523,503
524,504
525,505
526,506
527,507
528,508
529,509
530,510
531,511
532,512
533,513
534,513
535,514
536,515
537,516
538,517
539,518
540,519
541,520
542,521
543,522
544,523
545,524
546,524
547,525
548,526
549,527
550,528
551,529
552,530
553,531
554,532
555,533
556,534
557,535
558,535
559,536
560,537
561,538
562,539
563,540
564,541
565,542
566,543
567,544
568,545
569,546
570,546
571,547
572,548
573,549
574,550
575,551
576,552
577,553
578,554
579,555
580,556
581,557
582,557
583,558
584,559
585,560
586,561
587,562
588,563
589,564
590,565
591,566
592,567
593,568
594,569
595,569
596,570
597,571
598,572
599,573
600,574
601,575
602,576
603,577
604,578
605,579
606,580
607,581
608,582
609,582
610,583
611,584
612,585
613,586
614,587
615,588
616,589
617,590
618,591
619,592
620,593
621,594
622,595
623,595
624,596
625,597
626,598
627,599
628,600
629,601
630,602
631,603
632,604
633,605
634,606
635,607
636,608
637,609
638,609
639,610
640,611
641,612
642,613
643,614
644,615
645,616
646,617
647,618
648,619
649,620
650,621
651,622
652,623
653,624
654,624
655,625
656,626
657,627
658,628
659,629
660,630
661,631
662,632
663,633
664,634
665,635
666,636
667,637
668,638
669,639
670,640
671,641
672,641
673,642
674,643
675,644
676,645
677,646
678,647
679,648
680,649
681,650
682,651
683,652
684,653
685,654
686,655
687,656
688,657
689,658
690,659
691,660
692,661
693,661
694,662
695,663
696,664
697,665
698,666
699,667
700,668
701,669
702,670
703,671
704,672
705,673
706,674
707,675
708,676
709,677
710,678
711,679
712,680
713,681
714,682
715,683
716,684
717,685
718,686
719,686
720,687
721,688
722,689
723,690
724,691
725,692
726,693
727,694
728,695
729,696
730,697
731,698
732,699
733,700
734,701
735,702
736,703
737,704
738,705
739,706
740,707
741,708
742,709
743,710
744,711
745,712
746,713
747,714
748,715
749,716
750,717
751,718
752,719
753,720
754,721
755,722
756,723
757,724
758,725
759,726
760,727
761,728
762,729
763,730
764,731
765,732
766,733
767,734
768,735
769,736
770,737
771,738
772,739
773,739
774,740
775,741
776,742
777,743
778,744
779,745
780,746
781,747
782,749
783,750
784,751
785,752
786,753
787,754
788,755
789,756
790,757
791,758
792,759
793,760
794,761
795,762
796,763
797,764
798,765
799,766
800,767
801,768
802,769
803,770
804,771
805,772
806,773
807,774
808,775
809,776
810,777
811,778
812,779
813,780
814,781
815,782
816,783
817,784
818,785
819,786
820,787
821,788
822,789
823,790
824,791
825,792
826,793
827,794
828,795
829,796
830,797
831,799
832,800
833,801
834,802
835,803
836,804
837,805
838,806
839,807
840,808
841,809
842,810
843,811
844,812
845,813
846,814
847,815
848,816
849,817
850,818
851,820
852,821
853,822
854,823
855,824
856,825
857,826
858,827
859,828
860,829
861,830
862,831
863,832
864,833
865,834
866,836
867,837
868,838
869,839
870,840
871,841
872,842
873,843
874,844
875,845
876,846
877,847
878,849
879,850
880,851
881,852
882,853
883,854
884,855
885,856
886,857
887,858
888,859
889,861
890,862
891,863
892,864
893,865
894,866
895,867
896,868
897,869
898,871
899,872
900,873
901,874
902,875
903,876
904,877
905,878
906,880
907,881
908,882
909,883
910,884
911,885
912,886
913,888
914,889
915,890
916,891
917,892
918,893
919,894
920,896
921,897
922,898
923,899
924,900
925,901
926,903
927,904
928,905
929,906
930,907
931,908
932,910
933,911
934,912
935,913
936,914
937,915
938,917
939,918
940,919
941,920
942,921
943,923
944,924
945,925
946,926
947,928
948,929
949,930
950,931
951,932
952,934
953,935
954,936
955,937
956,939
957,940
958,941
959,942
960,944
961,945
962,946
963,947
964,949
965,950
966,951
967,953
968,954
969,955
970,956
971,958
972,959
973,960
974,962
975,963
976,964
977,966
978,967
979,968
980,970
981,971
982,972
983,974
984,975
985,977
986,978
987,979
988,981
989,982
990,984
991,985
992,987
993,988
994,990
995,991
996,993
997,995
998,996
999,998
1000,999
