
//
//*****************************************************
// Score calibration for holiday
//*****************************************************
//
TYPE holiday_SCORE_CONVERT = RECORD
  SCORE     : INT16;
  NEW_SCORE : INT16;
END;

TABLE holiday_SCORE_CONVERT OF holiday_SCORE_CONVERT
NUM_ROWS = 1001
DATA = 
0,0
1,1
2,1
3,2
4,2
5,3
6,4
7,4
8,5
9,6
10,6
11,7
12,8
13,9
14,9
15,10
16,11
17,11
18,12
19,13
20,13
21,14
22,15
23,16
24,16
25,17
26,18
27,18
28,19
29,20
30,20
31,21
32,22
33,23
34,23
35,24
36,25
37,26
38,26
39,27
40,28
41,28
42,29
43,30
44,31
45,31
46,32
47,33
48,34
49,34
50,35
51,36
52,36
53,37
54,38
55,39
56,39
57,40
58,41
59,42
60,42
61,43
62,44
63,45
64,45
65,46
66,47
67,48
68,48
69,49
70,50
71,50
72,51
73,52
74,53
75,53
76,54
77,55
78,56
79,56
80,57
81,58
82,59
83,59
84,60
85,61
86,62
87,63
88,63
89,64
90,65
91,66
92,66
93,67
94,68
95,69
96,69
97,70
98,71
99,72
100,72
101,73
102,74
103,75
104,75
105,76
106,77
107,78
108,79
109,79
110,80
111,81
112,82
113,82
114,83
115,84
116,85
117,85
118,86
119,87
120,88
121,89
122,89
123,90
124,91
125,92
126,92
127,93
128,94
129,95
130,96
131,96
132,97
133,98
134,99
135,100
136,100
137,101
138,102
139,103
140,103
141,104
142,105
143,106
144,107
145,107
146,108
147,109
148,110
149,111
150,111
151,112
152,113
153,114
154,115
155,115
156,116
157,117
158,118
159,118
160,119
161,120
162,121
163,122
164,122
165,123
166,124
167,125
168,126
169,126
170,127
171,128
172,129
173,130
174,131
175,131
176,132
177,133
178,134
179,135
180,135
181,136
182,137
183,138
184,139
185,139
186,140
187,141
188,142
189,143
190,143
191,144
192,145
193,146
194,147
195,148
196,148
197,149
198,150
199,151
200,152
201,152
202,153
203,154
204,155
205,156
206,157
207,157
208,158
209,159
210,160
211,161
212,162
213,162
214,163
215,164
216,165
217,166
218,166
219,167
220,168
221,169
222,170
223,171
224,171
225,172
226,173
227,174
228,175
229,176
230,176
231,177
232,178
233,179
234,180
235,181
236,182
237,182
238,183
239,184
240,185
241,186
242,187
243,187
244,188
245,189
246,190
247,191
248,192
249,192
250,193
251,194
252,195
253,196
254,197
255,198
256,198
257,199
258,200
259,201
260,202
261,203
262,204
263,204
264,205
265,206
266,207
267,208
268,209
269,210
270,210
271,211
272,212
273,213
274,214
275,215
276,216
277,216
278,217
279,218
280,219
281,220
282,221
283,222
284,222
285,223
286,224
287,225
288,226
289,227
290,228
291,229
292,229
293,230
294,231
295,232
296,233
297,234
298,235
299,236
300,236
301,237
302,238
303,239
304,240
305,241
306,242
307,243
308,243
309,244
310,245
311,246
312,247
313,248
314,249
315,250
316,250
317,251
318,252
319,253
320,254
321,255
322,256
323,257
324,258
325,258
326,259
327,260
328,261
329,262
330,263
331,264
332,265
333,266
334,266
335,267
336,268
337,269
338,270
339,271
340,272
341,273
342,274
343,275
344,275
345,276
346,277
347,278
348,279
349,280
350,281
351,282
352,283
353,284
354,284
355,285
356,286
357,287
358,288
359,289
360,290
361,291
362,292
363,293
364,294
365,294
366,295
367,296
368,297
369,298
370,299
371,300
372,301
373,302
374,303
375,304
376,305
377,306
378,306
379,307
380,308
381,309
382,310
383,311
384,312
385,313
386,314
387,315
388,316
389,317
390,318
391,318
392,319
393,320
394,321
395,322
396,323
397,324
398,325
399,326
400,327
401,328
402,329
403,330
404,331
405,332
406,332
407,333
408,334
409,335
410,336
411,337
412,338
413,339
414,340
415,341
416,342
417,343
418,344
419,345
420,346
421,347
422,348
423,348
424,349
425,350
426,351
427,352
428,353
429,354
430,355
431,356
432,357
433,358
434,359
435,360
436,361
437,362
438,363
439,364
440,365
441,366
442,367
443,368
444,369
445,370
446,370
447,371
448,372
449,373
450,374
451,375
452,376
453,377
454,378
455,379
456,380
457,381
458,382
459,383
460,384
461,385
462,386
463,387
464,388
465,389
466,390
467,391
468,392
469,393
470,394
471,395
472,396
473,397
474,398
475,399
476,400
477,401
478,402
479,403
480,404
481,405
482,406
483,407
484,408
485,409
486,410
487,411
488,412
489,413
490,414
491,415
492,415
493,416
494,417
495,418
496,419
497,420
498,421
499,422
500,423
501,424
502,425
503,426
504,427
505,428
506,429
507,430
508,431
509,432
510,433
511,434
512,436
513,437
514,438
515,439
516,440
517,441
518,442
519,443
520,444
521,445
522,446
523,447
524,448
525,449
526,450
527,451
528,452
529,453
530,454
531,455
532,456
533,457
534,458
535,459
536,460
537,461
538,462
539,463
540,464
541,465
542,466
543,467
544,468
545,469
546,470
547,471
548,472
549,473
550,474
551,475
552,476
553,477
554,478
555,479
556,480
557,482
558,483
559,484
560,485
561,486
562,487
563,488
564,489
565,490
566,491
567,492
568,493
569,494
570,495
571,496
572,497
573,498
574,499
575,500
576,501
577,502
578,503
579,505
580,506
581,507
582,508
583,509
584,510
585,511
586,512
587,513
588,514
589,515
590,516
591,517
592,518
593,519
594,520
595,521
596,523
597,524
598,525
599,526
600,527
601,528
602,529
603,530
604,531
605,532
606,533
607,534
608,535
609,536
610,538
611,539
612,540
613,541
614,542
615,543
616,544
617,545
618,546
619,547
620,548
621,549
622,550
623,552
624,553
625,554
626,555
627,556
628,557
629,558
630,559
631,560
632,561
633,562
634,564
635,565
636,566
637,567
638,568
639,569
640,570
641,571
642,572
643,573
644,574
645,576
646,577
647,578
648,579
649,580
650,581
651,582
652,583
653,584
654,586
655,587
656,588
657,589
658,590
659,591
660,592
661,593
662,594
663,596
664,597
665,598
666,599
667,600
668,601
669,602
670,603
671,604
672,606
673,607
674,608
675,609
676,610
677,611
678,612
679,613
680,615
681,616
682,617
683,618
684,619
685,620
686,621
687,622
688,624
689,625
690,626
691,627
692,628
693,629
694,630
695,632
696,633
697,634
698,635
699,636
700,637
701,638
702,639
703,641
704,642
705,643
706,644
707,645
708,646
709,648
710,649
711,650
712,651
713,652
714,653
715,654
716,656
717,657
718,658
719,659
720,660
721,661
722,662
723,664
724,665
725,666
726,667
727,668
728,669
729,671
730,672
731,673
732,674
733,675
734,676
735,678
736,679
737,680
738,681
739,682
740,683
741,685
742,686
743,687
744,688
745,689
746,690
747,692
748,693
749,694
750,695
751,696
752,697
753,699
754,700
755,701
756,702
757,703
758,705
759,706
760,707
761,708
762,709
763,710
764,712
765,713
766,714
767,715
768,716
769,718
770,719
771,720
772,721
773,722
774,724
775,725
776,726
777,727
778,728
779,729
780,731
781,732
782,733
783,734
784,735
785,737
786,738
787,739
788,740
789,741
790,743
791,744
792,745
793,746
794,747
795,749
796,750
797,751
798,752
799,754
800,755
801,756
802,757
803,758
804,760
805,761
806,762
807,763
808,764
809,766
810,767
811,768
812,769
813,770
814,772
815,773
816,774
817,775
818,777
819,778
820,779
821,780
822,781
823,783
824,784
825,785
826,786
827,788
828,789
829,790
830,791
831,792
832,794
833,795
834,796
835,797
836,799
837,800
838,801
839,802
840,804
841,805
842,806
843,807
844,808
845,810
846,811
847,812
848,813
849,815
850,816
851,817
852,818
853,820
854,821
855,822
856,823
857,824
858,826
859,827
860,828
861,829
862,831
863,832
864,833
865,834
866,836
867,837
868,838
869,839
870,841
871,842
872,843
873,844
874,846
875,847
876,848
877,849
878,851
879,852
880,853
881,854
882,856
883,857
884,858
885,859
886,861
887,862
888,863
889,864
890,866
891,867
892,868
893,869
894,871
895,872
896,873
897,874
898,876
899,877
900,878
901,879
902,881
903,882
904,883
905,884
906,886
907,887
908,888
909,889
910,891
911,892
912,893
913,894
914,896
915,897
916,898
917,899
918,901
919,902
920,903
921,904
922,906
923,907
924,908
925,909
926,911
927,912
928,913
929,914
930,916
931,917
932,918
933,919
934,921
935,922
936,923
937,924
938,926
939,927
940,928
941,929
942,931
943,932
944,933
945,934
946,936
947,937
948,938
949,939
950,940
951,942
952,943
953,944
954,945
955,947
956,948
957,949
958,950
959,952
960,953
961,954
962,955
963,957
964,958
965,959
966,960
967,961
968,963
969,964
970,965
971,966
972,967
973,969
974,970
975,971
976,972
977,974
978,975
979,976
980,977
981,978
982,979
983,981
984,982
985,983
986,984
987,985
988,987
989,988
990,989
991,990
992,991
993,992
994,993
995,994
996,996
997,997
998,998
999,999
1000,999
