//
//*****************************************************
// Score calibration for non_holiday transactions credit model
//*****************************************************
//

TYPE allfcr30_SCORE_CONVERT = RECORD
  SCORE     : INT16;
  NEW_SCORE : INT16;
END;

TABLE allfcr30_SCORE_CONVERT OF allfcr30_SCORE_CONVERT
NUM_ROWS = 1001
DATA = 
0,1
1,1
2,1
3,2
4,2
5,3
6,3
7,4
8,5
9,6
10,6
11,7
12,8
13,9
14,10
15,10
16,11
17,12
18,13
19,14
20,15
21,15
22,16
23,17
24,18
25,19
26,20
27,21
28,22
29,23
30,24
31,25
32,26
33,27
34,28
35,28
36,29
37,30
38,31
39,32
40,33
41,34
42,35
43,36
44,37
45,38
46,39
47,40
48,42
49,43
50,44
51,45
52,46
53,47
54,48
55,49
56,50
57,51
58,52
59,53
60,54
61,55
62,56
63,57
64,58
65,60
66,61
67,62
68,63
69,64
70,65
71,66
72,67
73,68
74,70
75,71
76,72
77,73
78,74
79,75
80,76
81,77
82,79
83,80
84,81
85,82
86,83
87,84
88,85
89,87
90,88
91,89
92,90
93,91
94,92
95,94
96,95
97,96
98,97
99,98
100,99
101,101
102,102
103,103
104,104
105,105
106,107
107,108
108,109
109,110
110,111
111,113
112,114
113,115
114,116
115,117
116,119
117,120
118,121
119,122
120,123
121,125
122,126
123,127
124,128
125,129
126,131
127,132
128,133
129,134
130,136
131,137
132,138
133,139
134,141
135,142
136,143
137,144
138,145
139,147
140,148
141,149
142,150
143,152
144,153
145,154
146,155
147,157
148,158
149,159
150,160
151,162
152,163
153,164
154,165
155,167
156,168
157,169
158,170
159,172
160,173
161,174
162,175
163,177
164,178
165,179
166,181
167,182
168,183
169,184
170,186
171,187
172,188
173,189
174,191
175,192
176,193
177,195
178,196
179,197
180,198
181,200
182,201
183,202
184,203
185,205
186,206
187,207
188,209
189,210
190,211
191,212
192,214
193,215
194,216
195,218
196,219
197,220
198,221
199,223
200,224
201,225
202,227
203,228
204,229
205,230
206,232
207,233
208,234
209,236
210,237
211,238
212,239
213,241
214,242
215,243
216,245
217,246
218,247
219,249
220,250
221,251
222,252
223,254
224,255
225,256
226,258
227,259
228,260
229,261
230,263
231,264
232,265
233,267
234,268
235,269
236,271
237,272
238,273
239,274
240,276
241,277
242,278
243,280
244,281
245,282
246,284
247,285
248,286
249,287
250,289
251,290
252,291
253,293
254,294
255,295
256,296
257,298
258,299
259,300
260,302
261,303
262,304
263,306
264,307
265,308
266,309
267,311
268,312
269,313
270,315
271,316
272,317
273,319
274,320
275,321
276,322
277,324
278,325
279,326
280,328
281,329
282,330
283,331
284,333
285,334
286,335
287,337
288,338
289,339
290,341
291,342
292,343
293,344
294,346
295,347
296,348
297,350
298,351
299,352
300,353
301,355
302,356
303,357
304,359
305,360
306,361
307,362
308,364
309,365
310,366
311,368
312,369
313,370
314,371
315,373
316,374
317,375
318,377
319,378
320,379
321,380
322,382
323,383
324,384
325,386
326,387
327,388
328,389
329,391
330,392
331,393
332,395
333,396
334,397
335,398
336,400
337,401
338,402
339,403
340,405
341,406
342,407
343,409
344,410
345,411
346,412
347,414
348,415
349,416
350,417
351,419
352,420
353,421
354,422
355,424
356,425
357,426
358,428
359,429
360,430
361,431
362,433
363,434
364,435
365,436
366,438
367,439
368,440
369,441
370,443
371,444
372,445
373,446
374,448
375,449
376,450
377,451
378,453
379,454
380,455
381,456
382,458
383,459
384,460
385,461
386,463
387,464
388,465
389,466
390,468
391,469
392,470
393,471
394,473
395,474
396,475
397,476
398,477
399,479
400,480
401,481
402,482
403,484
404,485
405,486
406,487
407,489
408,490
409,491
410,492
411,493
412,495
413,496
414,497
415,498
416,500
417,501
418,502
419,503
420,504
421,506
422,507
423,508
424,509
425,510
426,512
427,513
428,514
429,515
430,517
431,518
432,519
433,520
434,521
435,523
436,524
437,525
438,526
439,527
440,529
441,530
442,531
443,532
444,533
445,535
446,536
447,537
448,538
449,539
450,540
451,542
452,543
453,544
454,545
455,546
456,548
457,549
458,550
459,551
460,552
461,553
462,555
463,556
464,557
465,558
466,559
467,561
468,562
469,563
470,564
471,565
472,566
473,568
474,569
475,570
476,571
477,572
478,573
479,575
480,576
481,577
482,578
483,579
484,580
485,581
486,583
487,584
488,585
489,586
490,587
491,588
492,590
493,591
494,592
495,593
496,594
497,595
498,596
499,598
500,599
501,600
502,601
503,602
504,603
505,604
506,606
507,607
508,608
509,609
510,610
511,611
512,612
513,613
514,615
515,616
516,617
517,618
518,619
519,620
520,621
521,622
522,623
523,625
524,626
525,627
526,628
527,629
528,630
529,631
530,632
531,633
532,635
533,636
534,637
535,638
536,639
537,640
538,641
539,642
540,643
541,644
542,646
543,647
544,648
545,649
546,650
547,651
548,652
549,653
550,654
551,655
552,656
553,657
554,659
555,660
556,661
557,662
558,663
559,664
560,665
561,666
562,667
563,668
564,669
565,670
566,671
567,672
568,674
569,675
570,676
571,677
572,678
573,679
574,680
575,681
576,682
577,683
578,684
579,685
580,686
581,687
582,688
583,689
584,690
585,691
586,692
587,694
588,695
589,696
590,697
591,698
592,699
593,700
594,701
595,702
596,703
597,704
598,705
599,706
600,707
601,708
602,709
603,710
604,711
605,712
606,713
607,714
608,715
609,716
610,717
611,718
612,719
613,720
614,721
615,722
616,723
617,724
618,725
619,726
620,727
621,728
622,729
623,730
624,731
625,732
626,733
627,734
628,735
629,736
630,737
631,738
632,739
633,740
634,741
635,742
636,743
637,744
638,745
639,746
640,747
641,748
642,749
643,750
644,751
645,752
646,753
647,754
648,755
649,756
650,756
651,757
652,758
653,759
654,760
655,761
656,762
657,763
658,764
659,765
660,766
661,767
662,768
663,769
664,770
665,771
666,772
667,773
668,774
669,774
670,775
671,776
672,777
673,778
674,779
675,780
676,781
677,782
678,783
679,784
680,785
681,786
682,787
683,787
684,788
685,789
686,790
687,791
688,792
689,793
690,794
691,795
692,796
693,797
694,797
695,798
696,799
697,800
698,801
699,802
700,803
701,804
702,805
703,805
704,806
705,807
706,808
707,809
708,810
709,811
710,812
711,813
712,813
713,814
714,815
715,816
716,817
717,818
718,819
719,820
720,820
721,821
722,822
723,823
724,824
725,825
726,826
727,826
728,827
729,828
730,829
731,830
732,831
733,832
734,832
735,833
736,834
737,835
738,836
739,837
740,837
741,838
742,839
743,840
744,841
745,842
746,842
747,843
748,844
749,845
750,846
751,847
752,847
753,848
754,849
755,850
756,851
757,851
758,852
759,853
760,854
761,855
762,856
763,856
764,857
765,858
766,859
767,860
768,860
769,861
770,862
771,863
772,864
773,864
774,865
775,866
776,867
777,867
778,868
779,869
780,870
781,871
782,871
783,872
784,873
785,874
786,875
787,875
788,876
789,877
790,878
791,878
792,879
793,880
794,881
795,881
796,882
797,883
798,884
799,884
800,885
801,886
802,887
803,887
804,888
805,889
806,890
807,890
808,891
809,892
810,893
811,893
812,894
813,895
814,896
815,896
816,897
817,898
818,898
819,899
820,900
821,901
822,901
823,902
824,903
825,904
826,904
827,905
828,906
829,906
830,907
831,908
832,909
833,909
834,910
835,911
836,911
837,912
838,913
839,913
840,914
841,915
842,915
843,916
844,917
845,918
846,918
847,919
848,920
849,920
850,921
851,922
852,922
853,923
854,924
855,924
856,925
857,926
858,926
859,927
860,928
861,928
862,929
863,930
864,930
865,931
866,932
867,932
868,933
869,934
870,934
871,935
872,935
873,936
874,937
875,937
876,938
877,939
878,939
879,940
880,941
881,941
882,942
883,942
884,943
885,944
886,944
887,945
888,945
889,946
890,947
891,947
892,948
893,949
894,949
895,950
896,950
897,951
898,952
899,952
900,953
901,953
902,954
903,954
904,955
905,956
906,956
907,957
908,957
909,958
910,959
911,959
912,960
913,960
914,961
915,961
916,962
917,963
918,963
919,964
920,964
921,965
922,965
923,966
924,966
925,967
926,968
927,968
928,969
929,969
930,970
931,970
932,971
933,971
934,972
935,972
936,973
937,973
938,974
939,974
940,975
941,975
942,976
943,976
944,977
945,977
946,978
947,978
948,979
949,979
950,980
951,980
952,981
953,981
954,982
955,982
956,983
957,983
958,984
959,984
960,985
961,985
962,986
963,986
964,987
965,987
966,987
967,988
968,988
969,989
970,989
971,990
972,990
973,991
974,991
975,991
976,992
977,992
978,993
979,993
980,993
981,994
982,994
983,995
984,995
985,995
986,996
987,996
988,996
989,997
990,997
991,997
992,998
993,998
994,998
995,999
996,999
997,999
998,999
999,999
1000,999
