
//
//*****************************************************
// Score calibration for general segment of credit model
//*****************************************************
//

TYPE genfcr30_SCORE_CONVERT = RECORD
  SCORE     : INT16;
  NEW_SCORE : INT16;
END;

TABLE genfcr30_SCORE_CONVERT OF genfcr30_SCORE_CONVERT
NUM_ROWS = 1001
DATA = 
0,1
1,2
2,5
3,7
4,9
5,11
6,14
7,16
8,18
9,20
10,22
11,24
12,25
13,27
14,29
15,31
16,33
17,35
18,37
19,38
20,40
21,42
22,44
23,45
24,47
25,49
26,51
27,52
28,54
29,56
30,57
31,59
32,61
33,62
34,64
35,66
36,67
37,69
38,71
39,72
40,74
41,75
42,77
43,79
44,80
45,82
46,83
47,85
48,87
49,88
50,90
51,91
52,93
53,94
54,96
55,97
56,99
57,100
58,102
59,103
60,105
61,106
62,108
63,109
64,111
65,112
66,114
67,115
68,117
69,118
70,120
71,121
72,122
73,124
74,125
75,127
76,128
77,130
78,131
79,133
80,134
81,135
82,137
83,138
84,140
85,141
86,142
87,144
88,145
89,147
90,148
91,149
92,151
93,152
94,153
95,155
96,156
97,158
98,159
99,160
100,162
101,163
102,164
103,166
104,167
105,168
106,170
107,171
108,172
109,174
110,175
111,176
112,178
113,179
114,180
115,182
116,183
117,184
118,186
119,187
120,188
121,189
122,191
123,192
124,193
125,195
126,196
127,197
128,198
129,200
130,201
131,202
132,204
133,205
134,206
135,207
136,209
137,210
138,211
139,212
140,214
141,215
142,216
143,217
144,219
145,220
146,221
147,222
148,224
149,225
150,226
151,227
152,228
153,230
154,231
155,232
156,233
157,235
158,236
159,237
160,238
161,239
162,241
163,242
164,243
165,244
166,245
167,247
168,248
169,249
170,250
171,251
172,253
173,254
174,255
175,256
176,257
177,259
178,260
179,261
180,262
181,263
182,264
183,266
184,267
185,268
186,269
187,270
188,271
189,273
190,274
191,275
192,276
193,277
194,278
195,280
196,281
197,282
198,283
199,284
200,285
201,286
202,288
203,289
204,290
205,291
206,292
207,293
208,294
209,296
210,297
211,298
212,299
213,300
214,301
215,302
216,303
217,305
218,306
219,307
220,308
221,309
222,310
223,311
224,312
225,313
226,315
227,316
228,317
229,318
230,319
231,320
232,321
233,322
234,323
235,324
236,326
237,327
238,328
239,329
240,330
241,331
242,332
243,333
244,334
245,335
246,336
247,337
248,339
249,340
250,341
251,342
252,343
253,344
254,345
255,346
256,347
257,348
258,349
259,350
260,351
261,352
262,353
263,355
264,356
265,357
266,358
267,359
268,360
269,361
270,362
271,363
272,364
273,365
274,366
275,367
276,368
277,369
278,370
279,371
280,372
281,373
282,374
283,375
284,377
285,378
286,379
287,380
288,381
289,382
290,383
291,384
292,385
293,386
294,387
295,388
296,389
297,390
298,391
299,392
300,393
301,394
302,395
303,396
304,397
305,398
306,399
307,400
308,401
309,402
310,403
311,404
312,405
313,406
314,407
315,408
316,409
317,410
318,411
319,412
320,413
321,414
322,415
323,416
324,417
325,418
326,419
327,420
328,421
329,422
330,423
331,424
332,425
333,426
334,427
335,428
336,429
337,430
338,431
339,432
340,433
341,434
342,435
343,436
344,437
345,438
346,439
347,440
348,441
349,442
350,443
351,444
352,445
353,446
354,447
355,448
356,448
357,449
358,450
359,451
360,452
361,453
362,454
363,455
364,456
365,457
366,458
367,459
368,460
369,461
370,462
371,463
372,464
373,465
374,466
375,467
376,468
377,469
378,470
379,471
380,471
381,472
382,473
383,474
384,475
385,476
386,477
387,478
388,479
389,480
390,481
391,482
392,483
393,484
394,485
395,486
396,487
397,487
398,488
399,489
400,490
401,491
402,492
403,493
404,494
405,495
406,496
407,497
408,498
409,499
410,500
411,500
412,501
413,502
414,503
415,504
416,505
417,506
418,507
419,508
420,509
421,510
422,511
423,512
424,512
425,513
426,514
427,515
428,516
429,517
430,518
431,519
432,520
433,521
434,522
435,523
436,523
437,524
438,525
439,526
440,527
441,528
442,529
443,530
444,531
445,532
446,532
447,533
448,534
449,535
450,536
451,537
452,538
453,539
454,540
455,541
456,541
457,542
458,543
459,544
460,545
461,546
462,547
463,548
464,549
465,550
466,550
467,551
468,552
469,553
470,554
471,555
472,556
473,557
474,558
475,558
476,559
477,560
478,561
479,562
480,563
481,564
482,565
483,565
484,566
485,567
486,568
487,569
488,570
489,571
490,572
491,573
492,573
493,574
494,575
495,576
496,577
497,578
498,579
499,580
500,580
501,581
502,582
503,583
504,584
505,585
506,586
507,586
508,587
509,588
510,589
511,590
512,591
513,592
514,593
515,593
516,594
517,595
518,596
519,597
520,598
521,599
522,599
523,600
524,601
525,602
526,603
527,604
528,605
529,605
530,606
531,607
532,608
533,609
534,610
535,611
536,611
537,612
538,613
539,614
540,615
541,616
542,617
543,617
544,618
545,619
546,620
547,621
548,622
549,623
550,623
551,624
552,625
553,626
554,627
555,628
556,629
557,629
558,630
559,631
560,632
561,633
562,634
563,634
564,635
565,636
566,637
567,638
568,639
569,639
570,640
571,641
572,642
573,643
574,644
575,645
576,645
577,646
578,647
579,648
580,649
581,650
582,650
583,651
584,652
585,653
586,654
587,655
588,655
589,656
590,657
591,658
592,659
593,660
594,660
595,661
596,662
597,663
598,664
599,665
600,665
601,666
602,667
603,668
604,669
605,670
606,670
607,671
608,672
609,673
610,674
611,675
612,675
613,676
614,677
615,678
616,679
617,679
618,680
619,681
620,682
621,683
622,684
623,684
624,685
625,686
626,687
627,688
628,689
629,689
630,690
631,691
632,692
633,693
634,693
635,694
636,695
637,696
638,697
639,698
640,698
641,699
642,700
643,701
644,702
645,702
646,703
647,704
648,705
649,706
650,707
651,707
652,708
653,709
654,710
655,711
656,711
657,712
658,713
659,714
660,715
661,716
662,716
663,717
664,718
665,719
666,720
667,720
668,721
669,722
670,723
671,724
672,724
673,725
674,726
675,727
676,728
677,729
678,729
679,730
680,731
681,732
682,733
683,733
684,734
685,735
686,736
687,737
688,737
689,738
690,739
691,740
692,741
693,741
694,742
695,743
696,744
697,745
698,745
699,746
700,747
701,748
702,749
703,749
704,750
705,751
706,752
707,753
708,754
709,754
710,755
711,756
712,757
713,758
714,758
715,759
716,760
717,761
718,762
719,762
720,763
721,764
722,765
723,766
724,766
725,767
726,768
727,769
728,770
729,770
730,771
731,772
732,773
733,774
734,774
735,775
736,776
737,777
738,778
739,778
740,779
741,780
742,781
743,782
744,782
745,783
746,784
747,785
748,786
749,786
750,787
751,788
752,789
753,790
754,790
755,791
756,792
757,793
758,794
759,794
760,795
761,796
762,797
763,798
764,798
765,799
766,800
767,801
768,802
769,802
770,803
771,804
772,805
773,806
774,806
775,807
776,808
777,809
778,810
779,810
780,811
781,812
782,813
783,814
784,814
785,815
786,816
787,817
788,818
789,818
790,819
791,820
792,821
793,822
794,822
795,823
796,824
797,825
798,826
799,826
800,827
801,828
802,829
803,830
804,830
805,831
806,832
807,833
808,834
809,834
810,835
811,836
812,837
813,838
814,838
815,839
816,840
817,841
818,842
819,842
820,843
821,844
822,845
823,846
824,846
825,847
826,848
827,849
828,850
829,850
830,851
831,852
832,853
833,854
834,854
835,855
836,856
837,857
838,858
839,858
840,859
841,860
842,861
843,862
844,862
845,863
846,864
847,865
848,866
849,866
850,867
851,868
852,869
853,870
854,870
855,871
856,872
857,873
858,874
859,874
860,875
861,876
862,877
863,878
864,879
865,879
866,880
867,881
868,882
869,883
870,883
871,884
872,885
873,886
874,887
875,887
876,888
877,889
878,890
879,891
880,892
881,892
882,893
883,894
884,895
885,896
886,896
887,897
888,898
889,899
890,900
891,901
892,901
893,902
894,903
895,904
896,905
897,906
898,906
899,907
900,908
901,909
902,910
903,910
904,911
905,912
906,913
907,914
908,915
909,915
910,916
911,917
912,918
913,919
914,920
915,920
916,921
917,922
918,923
919,924
920,925
921,926
922,926
923,927
924,928
925,929
926,930
927,931
928,931
929,932
930,933
931,934
932,935
933,936
934,937
935,937
936,938
937,939
938,940
939,941
940,942
941,943
942,943
943,944
944,945
945,946
946,947
947,948
948,949
949,950
950,950
951,951
952,952
953,953
954,954
955,955
956,956
957,957
958,958
959,958
960,959
961,960
962,961
963,962
964,963
965,964
966,965
967,966
968,967
969,968
970,968
971,969
972,970
973,971
974,972
975,973
976,974
977,975
978,976
979,977
980,978
981,979
982,980
983,981
984,982
985,983
986,984
987,985
988,986
989,987
990,988
991,989
992,990
993,991
994,992
995,993
996,994
997,996
998,997
999,998
1000,999
