
//
//*****************************************************
// Score calibration for young segment of credit model
//*****************************************************
//

TYPE youfcr30_SCORE_CONVERT = RECORD
  SCORE     : INT16;
  NEW_SCORE : INT16;
END;

TABLE youfcr30_SCORE_CONVERT OF youfcr30_SCORE_CONVERT
NUM_ROWS = 1001
DATA = 
0,9
1,2
2,5
3,7
4,9
5,11
6,13
7,15
8,17
9,19
10,21
11,23
12,24
13,26
14,28
15,30
16,31
17,33
18,35
19,36
20,38
21,40
22,41
23,43
24,44
25,46
26,47
27,49
28,51
29,52
30,54
31,55
32,57
33,58
34,60
35,61
36,63
37,64
38,66
39,67
40,69
41,70
42,71
43,73
44,74
45,76
46,77
47,79
48,80
49,81
50,83
51,84
52,86
53,87
54,88
55,90
56,91
57,92
58,94
59,95
60,96
61,98
62,99
63,100
64,102
65,103
66,104
67,106
68,107
69,108
70,110
71,111
72,112
73,114
74,115
75,116
76,118
77,119
78,120
79,121
80,123
81,124
82,125
83,126
84,128
85,129
86,130
87,131
88,133
89,134
90,135
91,136
92,138
93,139
94,140
95,141
96,143
97,144
98,145
99,146
100,148
101,149
102,150
103,151
104,152
105,154
106,155
107,156
108,157
109,158
110,160
111,161
112,162
113,163
114,164
115,165
116,167
117,168
118,169
119,170
120,171
121,173
122,174
123,175
124,176
125,177
126,178
127,180
128,181
129,182
130,183
131,184
132,185
133,186
134,188
135,189
136,190
137,191
138,192
139,193
140,194
141,195
142,197
143,198
144,199
145,200
146,201
147,202
148,203
149,204
150,206
151,207
152,208
153,209
154,210
155,211
156,212
157,213
158,214
159,216
160,217
161,218
162,219
163,220
164,221
165,222
166,223
167,224
168,225
169,226
170,228
171,229
172,230
173,231
174,232
175,233
176,234
177,235
178,236
179,237
180,238
181,239
182,240
183,242
184,243
185,244
186,245
187,246
188,247
189,248
190,249
191,250
192,251
193,252
194,253
195,254
196,255
197,256
198,257
199,258
200,259
201,260
202,262
203,263
204,264
205,265
206,266
207,267
208,268
209,269
210,270
211,271
212,272
213,273
214,274
215,275
216,276
217,277
218,278
219,279
220,280
221,281
222,282
223,283
224,284
225,285
226,286
227,287
228,288
229,289
230,290
231,291
232,292
233,293
234,294
235,295
236,296
237,297
238,298
239,299
240,300
241,301
242,302
243,303
244,304
245,305
246,306
247,307
248,308
249,309
250,310
251,311
252,312
253,313
254,314
255,315
256,316
257,317
258,318
259,319
260,320
261,321
262,322
263,323
264,324
265,325
266,326
267,327
268,328
269,329
270,330
271,331
272,332
273,333
274,334
275,335
276,336
277,337
278,338
279,339
280,340
281,341
282,342
283,342
284,343
285,344
286,345
287,346
288,347
289,348
290,349
291,350
292,351
293,352
294,353
295,354
296,355
297,356
298,357
299,358
300,359
301,360
302,361
303,362
304,363
305,364
306,364
307,365
308,366
309,367
310,368
311,369
312,370
313,371
314,372
315,373
316,374
317,375
318,376
319,377
320,378
321,379
322,380
323,380
324,381
325,382
326,383
327,384
328,385
329,386
330,387
331,388
332,389
333,390
334,391
335,392
336,393
337,394
338,394
339,395
340,396
341,397
342,398
343,399
344,400
345,401
346,402
347,403
348,404
349,405
350,406
351,406
352,407
353,408
354,409
355,410
356,411
357,412
358,413
359,414
360,415
361,416
362,417
363,417
364,418
365,419
366,420
367,421
368,422
369,423
370,424
371,425
372,426
373,427
374,427
375,428
376,429
377,430
378,431
379,432
380,433
381,434
382,435
383,436
384,437
385,437
386,438
387,439
388,440
389,441
390,442
391,443
392,444
393,445
394,446
395,446
396,447
397,448
398,449
399,450
400,451
401,452
402,453
403,454
404,454
405,455
406,456
407,457
408,458
409,459
410,460
411,461
412,462
413,462
414,463
415,464
416,465
417,466
418,467
419,468
420,469
421,470
422,470
423,471
424,472
425,473
426,474
427,475
428,476
429,477
430,478
431,478
432,479
433,480
434,481
435,482
436,483
437,484
438,485
439,486
440,486
441,487
442,488
443,489
444,490
445,491
446,492
447,493
448,493
449,494
450,495
451,496
452,497
453,498
454,499
455,500
456,500
457,501
458,502
459,503
460,504
461,505
462,506
463,507
464,507
465,508
466,509
467,510
468,511
469,512
470,513
471,514
472,514
473,515
474,516
475,517
476,518
477,519
478,520
479,520
480,521
481,522
482,523
483,524
484,525
485,526
486,527
487,527
488,528
489,529
490,530
491,531
492,532
493,533
494,533
495,534
496,535
497,536
498,537
499,538
500,539
501,539
502,540
503,541
504,542
505,543
506,544
507,545
508,546
509,546
510,547
511,548
512,549
513,550
514,551
515,552
516,552
517,553
518,554
519,555
520,556
521,557
522,558
523,558
524,559
525,560
526,561
527,562
528,563
529,564
530,564
531,565
532,566
533,567
534,568
535,569
536,570
537,570
538,571
539,572
540,573
541,574
542,575
543,576
544,576
545,577
546,578
547,579
548,580
549,581
550,582
551,582
552,583
553,584
554,585
555,586
556,587
557,587
558,588
559,589
560,590
561,591
562,592
563,593
564,593
565,594
566,595
567,596
568,597
569,598
570,599
571,599
572,600
573,601
574,602
575,603
576,604
577,605
578,605
579,606
580,607
581,608
582,609
583,610
584,610
585,611
586,612
587,613
588,614
589,615
590,616
591,616
592,617
593,618
594,619
595,620
596,621
597,621
598,622
599,623
600,624
601,625
602,626
603,627
604,627
605,628
606,629
607,630
608,631
609,632
610,633
611,633
612,634
613,635
614,636
615,637
616,638
617,638
618,639
619,640
620,641
621,642
622,643
623,644
624,644
625,645
626,646
627,647
628,648
629,649
630,649
631,650
632,651
633,652
634,653
635,654
636,655
637,655
638,656
639,657
640,658
641,659
642,660
643,660
644,661
645,662
646,663
647,664
648,665
649,666
650,666
651,667
652,668
653,669
654,670
655,671
656,671
657,672
658,673
659,674
660,675
661,676
662,677
663,677
664,678
665,679
666,680
667,681
668,682
669,683
670,683
671,684
672,685
673,686
674,687
675,688
676,688
677,689
678,690
679,691
680,692
681,693
682,694
683,694
684,695
685,696
686,697
687,698
688,699
689,699
690,700
691,701
692,702
693,703
694,704
695,705
696,705
697,706
698,707
699,708
700,709
701,710
702,711
703,711
704,712
705,713
706,714
707,715
708,716
709,717
710,717
711,718
712,719
713,720
714,721
715,722
716,723
717,723
718,724
719,725
720,726
721,727
722,728
723,729
724,729
725,730
726,731
727,732
728,733
729,734
730,735
731,735
732,736
733,737
734,738
735,739
736,740
737,741
738,741
739,742
740,743
741,744
742,745
743,746
744,747
745,747
746,748
747,749
748,750
749,751
750,752
751,753
752,753
753,754
754,755
755,756
756,757
757,758
758,759
759,759
760,760
761,761
762,762
763,763
764,764
765,765
766,766
767,766
768,767
769,768
770,769
771,770
772,771
773,772
774,773
775,773
776,774
777,775
778,776
779,777
780,778
781,779
782,779
783,780
784,781
785,782
786,783
787,784
788,785
789,786
790,786
791,787
792,788
793,789
794,790
795,791
796,792
797,793
798,794
799,794
800,795
801,796
802,797
803,798
804,799
805,800
806,801
807,801
808,802
809,803
810,804
811,805
812,806
813,807
814,808
815,809
816,809
817,810
818,811
819,812
820,813
821,814
822,815
823,816
824,817
825,817
826,818
827,819
828,820
829,821
830,822
831,823
832,824
833,825
834,826
835,826
836,827
837,828
838,829
839,830
840,831
841,832
842,833
843,834
844,835
845,836
846,836
847,837
848,838
849,839
850,840
851,841
852,842
853,843
854,844
855,845
856,846
857,846
858,847
859,848
860,849
861,850
862,851
863,852
864,853
865,854
866,855
867,856
868,857
869,858
870,858
871,859
872,860
873,861
874,862
875,863
876,864
877,865
878,866
879,867
880,868
881,869
882,870
883,871
884,872
885,873
886,873
887,874
888,875
889,876
890,877
891,878
892,879
893,880
894,881
895,882
896,883
897,884
898,885
899,886
900,887
901,888
902,889
903,890
904,891
905,892
906,893
907,894
908,895
909,896
910,897
911,898
912,899
913,900
914,900
915,901
916,902
917,903
918,904
919,905
920,906
921,907
922,908
923,909
924,910
925,911
926,912
927,913
928,914
929,915
930,916
931,917
932,919
933,920
934,921
935,922
936,923
937,924
938,925
939,926
940,927
941,928
942,929
943,930
944,931
945,932
946,933
947,934
948,935
949,936
950,937
951,938
952,939
953,940
954,942
955,943
956,944
957,945
958,946
959,947
960,948
961,949
962,950
963,951
964,953
965,954
966,955
967,956
968,957
969,958
970,959
971,960
972,962
973,963
974,964
975,965
976,966
977,968
978,969
979,970
980,971
981,972
982,974
983,975
984,976
985,977
986,979
987,980
988,981
989,983
990,984
991,985
992,987
993,988
994,989
995,991
996,992
997,994
998,996
999,997
1000,999
