
//
//*****************************************************
// Score calibration for segment of model
//*****************************************************
//

TYPE cred_mhi_SCORE_CONVERT = RECORD
  SCORE     : INT16;
  NEW_SCORE : INT16;
END;

TABLE cred_mhi_SCORE_CONVERT OF cred_mhi_SCORE_CONVERT
NUM_ROWS = 1001
DATA = 
0,0
1,8
2,14
3,20
4,25
5,31
6,36
7,41
8,45
9,50
10,55
11,59
12,64
13,68
14,73
15,77
16,81
17,85
18,89
19,93
20,97
21,101
22,105
23,109
24,112
25,116
26,120
27,123
28,127
29,130
30,134
31,137
32,141
33,144
34,148
35,151
36,154
37,158
38,161
39,164
40,167
41,170
42,174
43,177
44,180
45,183
46,186
47,189
48,192
49,195
50,198
51,201
52,204
53,206
54,209
55,212
56,215
57,218
58,221
59,223
60,226
61,229
62,231
63,234
64,237
65,239
66,242
67,245
68,247
69,250
70,252
71,255
72,257
73,260
74,262
75,265
76,267
77,270
78,272
79,274
80,277
81,279
82,282
83,284
84,286
85,289
86,291
87,293
88,296
89,298
90,300
91,302
92,305
93,307
94,309
95,311
96,313
97,315
98,318
99,320
100,322
101,324
102,326
103,328
104,330
105,332
106,334
107,336
108,339
109,341
110,343
111,345
112,347
113,349
114,351
115,353
116,355
117,356
118,358
119,360
120,362
121,364
122,366
123,368
124,370
125,372
126,374
127,375
128,377
129,379
130,381
131,383
132,385
133,386
134,388
135,390
136,392
137,394
138,395
139,397
140,399
141,401
142,402
143,404
144,406
145,407
146,409
147,411
148,413
149,414
150,416
151,418
152,419
153,421
154,423
155,424
156,426
157,427
158,429
159,431
160,432
161,434
162,435
163,437
164,439
165,440
166,442
167,443
168,445
169,446
170,448
171,449
172,451
173,453
174,454
175,456
176,457
177,459
178,460
179,462
180,463
181,464
182,466
183,467
184,469
185,470
186,472
187,473
188,475
189,476
190,477
191,479
192,480
193,482
194,483
195,485
196,486
197,487
198,489
199,490
200,491
201,493
202,494
203,495
204,497
205,498
206,500
207,501
208,502
209,504
210,505
211,506
212,507
213,509
214,510
215,511
216,513
217,514
218,515
219,517
220,518
221,519
222,520
223,522
224,523
225,524
226,525
227,527
228,528
229,529
230,530
231,532
232,533
233,534
234,535
235,536
236,538
237,539
238,540
239,541
240,542
241,544
242,545
243,546
244,547
245,548
246,550
247,551
248,552
249,553
250,554
251,555
252,557
253,558
254,559
255,560
256,561
257,562
258,563
259,564
260,566
261,567
262,568
263,569
264,570
265,571
266,572
267,573
268,574
269,576
270,577
271,578
272,579
273,580
274,581
275,582
276,583
277,584
278,585
279,586
280,587
281,588
282,589
283,590
284,592
285,593
286,594
287,595
288,596
289,597
290,598
291,599
292,600
293,601
294,602
295,603
296,604
297,605
298,606
299,607
300,608
301,609
302,610
303,611
304,612
305,613
306,614
307,615
308,616
309,617
310,618
311,619
312,620
313,621
314,621
315,622
316,623
317,624
318,625
319,626
320,627
321,628
322,629
323,630
324,631
325,632
326,633
327,634
328,635
329,636
330,636
331,637
332,638
333,639
334,640
335,641
336,642
337,643
338,644
339,645
340,646
341,646
342,647
343,648
344,649
345,650
346,651
347,652
348,653
349,653
350,654
351,655
352,656
353,657
354,658
355,659
356,660
357,660
358,661
359,662
360,663
361,664
362,665
363,665
364,666
365,667
366,668
367,669
368,670
369,671
370,671
371,672
372,673
373,674
374,675
375,675
376,676
377,677
378,678
379,679
380,680
381,680
382,681
383,682
384,683
385,684
386,684
387,685
388,686
389,687
390,688
391,688
392,689
393,690
394,691
395,691
396,692
397,693
398,694
399,695
400,695
401,696
402,697
403,698
404,698
405,699
406,700
407,701
408,701
409,702
410,703
411,704
412,705
413,705
414,706
415,707
416,708
417,708
418,709
419,710
420,710
421,711
422,712
423,713
424,713
425,714
426,715
427,716
428,716
429,717
430,718
431,719
432,719
433,720
434,721
435,721
436,722
437,723
438,724
439,724
440,725
441,726
442,726
443,727
444,728
445,729
446,729
447,730
448,731
449,731
450,732
451,733
452,733
453,734
454,735
455,735
456,736
457,737
458,738
459,738
460,739
461,740
462,740
463,741
464,742
465,742
466,743
467,744
468,744
469,745
470,746
471,746
472,747
473,748
474,748
475,749
476,750
477,750
478,751
479,752
480,752
481,753
482,754
483,754
484,755
485,755
486,756
487,757
488,757
489,758
490,759
491,759
492,760
493,761
494,761
495,762
496,763
497,763
498,764
499,764
500,765
501,766
502,766
503,767
504,768
505,768
506,769
507,769
508,770
509,771
510,771
511,772
512,773
513,773
514,774
515,774
516,775
517,776
518,776
519,777
520,777
521,778
522,779
523,779
524,780
525,780
526,781
527,782
528,782
529,783
530,783
531,784
532,785
533,785
534,786
535,786
536,787
537,788
538,788
539,789
540,789
541,790
542,791
543,791
544,792
545,792
546,793
547,793
548,794
549,795
550,795
551,796
552,796
553,797
554,798
555,798
556,799
557,799
558,800
559,800
560,801
561,801
562,802
563,803
564,803
565,804
566,804
567,805
568,805
569,806
570,807
571,807
572,808
573,808
574,809
575,809
576,810
577,810
578,811
579,812
580,812
581,813
582,813
583,814
584,814
585,815
586,815
587,816
588,816
589,817
590,818
591,818
592,819
593,819
594,820
595,820
596,821
597,821
598,822
599,822
600,823
601,823
602,824
603,824
604,825
605,826
606,826
607,827
608,827
609,828
610,828
611,829
612,829
613,830
614,830
615,831
616,831
617,832
618,832
619,833
620,833
621,834
622,834
623,835
624,835
625,836
626,836
627,837
628,837
629,838
630,839
631,839
632,840
633,840
634,841
635,841
636,842
637,842
638,843
639,843
640,844
641,844
642,845
643,845
644,846
645,846
646,847
647,847
648,848
649,848
650,849
651,849
652,850
653,850
654,851
655,851
656,852
657,852
658,852
659,853
660,853
661,854
662,854
663,855
664,855
665,856
666,856
667,857
668,857
669,858
670,858
671,859
672,859
673,860
674,860
675,861
676,861
677,862
678,862
679,863
680,863
681,864
682,864
683,865
684,865
685,865
686,866
687,866
688,867
689,867
690,868
691,868
692,869
693,869
694,870
695,870
696,871
697,871
698,872
699,872
700,873
701,873
702,873
703,874
704,874
705,875
706,875
707,876
708,876
709,877
710,877
711,878
712,878
713,879
714,879
715,879
716,880
717,880
718,881
719,881
720,882
721,882
722,883
723,883
724,883
725,884
726,884
727,885
728,885
729,886
730,886
731,887
732,887
733,888
734,888
735,888
736,889
737,889
738,890
739,890
740,891
741,891
742,892
743,892
744,892
745,893
746,893
747,894
748,894
749,895
750,895
751,896
752,896
753,896
754,897
755,897
756,898
757,898
758,899
759,899
760,899
761,900
762,900
763,901
764,901
765,902
766,902
767,902
768,903
769,903
770,904
771,904
772,905
773,905
774,905
775,906
776,906
777,907
778,907
779,908
780,908
781,908
782,909
783,909
784,910
785,910
786,911
787,911
788,911
789,912
790,912
791,913
792,913
793,914
794,914
795,914
796,915
797,915
798,916
799,916
800,917
801,917
802,917
803,918
804,918
805,919
806,919
807,919
808,920
809,920
810,921
811,921
812,922
813,922
814,922
815,923
816,923
817,924
818,924
819,924
820,925
821,925
822,926
823,926
824,926
825,927
826,927
827,928
828,928
829,929
830,929
831,929
832,930
833,930
834,931
835,931
836,931
837,932
838,932
839,933
840,933
841,933
842,934
843,934
844,935
845,935
846,935
847,936
848,936
849,937
850,937
851,937
852,938
853,938
854,939
855,939
856,940
857,940
858,940
859,941
860,941
861,942
862,942
863,942
864,943
865,943
866,944
867,944
868,944
869,945
870,945
871,946
872,946
873,946
874,947
875,947
876,948
877,948
878,948
879,949
880,949
881,950
882,950
883,950
884,951
885,951
886,952
887,952
888,952
889,953
890,953
891,954
892,954
893,954
894,955
895,955
896,956
897,956
898,956
899,957
900,957
901,958
902,958
903,958
904,959
905,959
906,960
907,960
908,960
909,961
910,961
911,962
912,962
913,962
914,963
915,963
916,964
917,964
918,964
919,965
920,965
921,966
922,966
923,966
924,967
925,967
926,968
927,968
928,968
929,969
930,969
931,970
932,970
933,970
934,971
935,971
936,972
937,972
938,972
939,973
940,973
941,974
942,974
943,974
944,975
945,975
946,976
947,976
948,976
949,977
950,977
951,978
952,978
953,979
954,979
955,979
956,980
957,980
958,981
959,981
960,981
961,982
962,982
963,983
964,983
965,984
966,984
967,984
968,985
969,985
970,986
971,986
972,986
973,987
974,987
975,988
976,988
977,989
978,989
979,990
980,990
981,990
982,991
983,991
984,992
985,992
986,993
987,993
988,994
989,994
990,995
991,995
992,996
993,996
994,997
995,997
996,998
997,998
998,999
999,999
1000,999
