
//
//*****************************************************
// Score calibration for segment of model
//*****************************************************
//

TYPE cred_mge_SCORE_CONVERT = RECORD
  SCORE     : INT16;
  NEW_SCORE : INT16;
END;

TABLE cred_mge_SCORE_CONVERT OF cred_mge_SCORE_CONVERT
NUM_ROWS = 1001
DATA = 
0,0
1,8
2,13
3,17
4,21
5,24
6,28
7,31
8,34
9,36
10,39
11,42
12,44
13,47
14,49
15,52
16,54
17,56
18,59
19,61
20,63
21,65
22,67
23,70
24,72
25,74
26,76
27,78
28,80
29,82
30,84
31,86
32,87
33,89
34,91
35,93
36,95
37,97
38,99
39,100
40,102
41,104
42,106
43,107
44,109
45,111
46,113
47,114
48,116
49,118
50,119
51,121
52,123
53,124
54,126
55,127
56,129
57,131
58,132
59,134
60,135
61,137
62,139
63,140
64,142
65,143
66,145
67,146
68,148
69,149
70,151
71,152
72,154
73,155
74,157
75,158
76,160
77,161
78,162
79,164
80,165
81,167
82,168
83,170
84,171
85,172
86,174
87,175
88,177
89,178
90,179
91,181
92,182
93,183
94,185
95,186
96,187
97,189
98,190
99,192
100,193
101,194
102,196
103,197
104,198
105,199
106,201
107,202
108,203
109,205
110,206
111,207
112,209
113,210
114,211
115,212
116,214
117,215
118,216
119,217
120,219
121,220
122,221
123,222
124,224
125,225
126,226
127,227
128,229
129,230
130,231
131,232
132,233
133,235
134,236
135,237
136,238
137,239
138,241
139,242
140,243
141,244
142,245
143,247
144,248
145,249
146,250
147,251
148,253
149,254
150,255
151,256
152,257
153,258
154,259
155,261
156,262
157,263
158,264
159,265
160,266
161,268
162,269
163,270
164,271
165,272
166,273
167,274
168,275
169,277
170,278
171,279
172,280
173,281
174,282
175,283
176,284
177,285
178,287
179,288
180,289
181,290
182,291
183,292
184,293
185,294
186,295
187,296
188,297
189,298
190,300
191,301
192,302
193,303
194,304
195,305
196,306
197,307
198,308
199,309
200,310
201,311
202,312
203,313
204,314
205,315
206,317
207,318
208,319
209,320
210,321
211,322
212,323
213,324
214,325
215,326
216,327
217,328
218,329
219,330
220,331
221,332
222,333
223,334
224,335
225,336
226,337
227,338
228,339
229,340
230,341
231,342
232,343
233,344
234,345
235,346
236,347
237,348
238,349
239,350
240,351
241,352
242,353
243,354
244,355
245,356
246,357
247,358
248,359
249,360
250,361
251,362
252,363
253,364
254,365
255,366
256,367
257,368
258,369
259,370
260,371
261,372
262,373
263,374
264,375
265,376
266,377
267,378
268,379
269,380
270,380
271,381
272,382
273,383
274,384
275,385
276,386
277,387
278,388
279,389
280,390
281,391
282,392
283,393
284,394
285,395
286,396
287,397
288,398
289,398
290,399
291,400
292,401
293,402
294,403
295,404
296,405
297,406
298,407
299,408
300,409
301,410
302,411
303,411
304,412
305,413
306,414
307,415
308,416
309,417
310,418
311,419
312,420
313,421
314,422
315,423
316,423
317,424
318,425
319,426
320,427
321,428
322,429
323,430
324,431
325,432
326,432
327,433
328,434
329,435
330,436
331,437
332,438
333,439
334,440
335,441
336,441
337,442
338,443
339,444
340,445
341,446
342,447
343,448
344,449
345,449
346,450
347,451
348,452
349,453
350,454
351,455
352,456
353,457
354,457
355,458
356,459
357,460
358,461
359,462
360,463
361,464
362,464
363,465
364,466
365,467
366,468
367,469
368,470
369,471
370,471
371,472
372,473
373,474
374,475
375,476
376,477
377,477
378,478
379,479
380,480
381,481
382,482
383,483
384,484
385,484
386,485
387,486
388,487
389,488
390,489
391,490
392,490
393,491
394,492
395,493
396,494
397,495
398,495
399,496
400,497
401,498
402,499
403,500
404,501
405,501
406,502
407,503
408,504
409,505
410,506
411,507
412,507
413,508
414,509
415,510
416,511
417,512
418,512
419,513
420,514
421,515
422,516
423,517
424,517
425,518
426,519
427,520
428,521
429,522
430,522
431,523
432,524
433,525
434,526
435,527
436,527
437,528
438,529
439,530
440,531
441,532
442,532
443,533
444,534
445,535
446,536
447,537
448,537
449,538
450,539
451,540
452,541
453,542
454,542
455,543
456,544
457,545
458,546
459,546
460,547
461,548
462,549
463,550
464,551
465,551
466,552
467,553
468,554
469,555
470,555
471,556
472,557
473,558
474,559
475,560
476,560
477,561
478,562
479,563
480,564
481,564
482,565
483,566
484,567
485,568
486,568
487,569
488,570
489,571
490,572
491,573
492,573
493,574
494,575
495,576
496,577
497,577
498,578
499,579
500,580
501,581
502,581
503,582
504,583
505,584
506,585
507,585
508,586
509,587
510,588
511,589
512,589
513,590
514,591
515,592
516,593
517,593
518,594
519,595
520,596
521,597
522,597
523,598
524,599
525,600
526,601
527,601
528,602
529,603
530,604
531,605
532,605
533,606
534,607
535,608
536,609
537,609
538,610
539,611
540,612
541,613
542,613
543,614
544,615
545,616
546,617
547,617
548,618
549,619
550,620
551,621
552,621
553,622
554,623
555,624
556,624
557,625
558,626
559,627
560,628
561,628
562,629
563,630
564,631
565,632
566,632
567,633
568,634
569,635
570,636
571,636
572,637
573,638
574,639
575,639
576,640
577,641
578,642
579,643
580,643
581,644
582,645
583,646
584,647
585,647
586,648
587,649
588,650
589,650
590,651
591,652
592,653
593,654
594,654
595,655
596,656
597,657
598,658
599,658
600,659
601,660
602,661
603,661
604,662
605,663
606,664
607,665
608,665
609,666
610,667
611,668
612,669
613,669
614,670
615,671
616,672
617,672
618,673
619,674
620,675
621,676
622,676
623,677
624,678
625,679
626,679
627,680
628,681
629,682
630,683
631,683
632,684
633,685
634,686
635,686
636,687
637,688
638,689
639,690
640,690
641,691
642,692
643,693
644,694
645,694
646,695
647,696
648,697
649,697
650,698
651,699
652,700
653,701
654,701
655,702
656,703
657,704
658,704
659,705
660,706
661,707
662,708
663,708
664,709
665,710
666,711
667,711
668,712
669,713
670,714
671,715
672,715
673,716
674,717
675,718
676,719
677,719
678,720
679,721
680,722
681,722
682,723
683,724
684,725
685,726
686,726
687,727
688,728
689,729
690,729
691,730
692,731
693,732
694,733
695,733
696,734
697,735
698,736
699,736
700,737
701,738
702,739
703,740
704,740
705,741
706,742
707,743
708,744
709,744
710,745
711,746
712,747
713,747
714,748
715,749
716,750
717,751
718,751
719,752
720,753
721,754
722,755
723,755
724,756
725,757
726,758
727,758
728,759
729,760
730,761
731,762
732,762
733,763
734,764
735,765
736,766
737,766
738,767
739,768
740,769
741,770
742,770
743,771
744,772
745,773
746,773
747,774
748,775
749,776
750,777
751,777
752,778
753,779
754,780
755,781
756,781
757,782
758,783
759,784
760,785
761,785
762,786
763,787
764,788
765,789
766,789
767,790
768,791
769,792
770,793
771,793
772,794
773,795
774,796
775,796
776,797
777,798
778,799
779,800
780,800
781,801
782,802
783,803
784,804
785,804
786,805
787,806
788,807
789,808
790,809
791,809
792,810
793,811
794,812
795,813
796,813
797,814
798,815
799,816
800,817
801,817
802,818
803,819
804,820
805,821
806,821
807,822
808,823
809,824
810,825
811,825
812,826
813,827
814,828
815,829
816,830
817,830
818,831
819,832
820,833
821,834
822,834
823,835
824,836
825,837
826,838
827,839
828,839
829,840
830,841
831,842
832,843
833,843
834,844
835,845
836,846
837,847
838,848
839,848
840,849
841,850
842,851
843,852
844,853
845,853
846,854
847,855
848,856
849,857
850,858
851,858
852,859
853,860
854,861
855,862
856,863
857,863
858,864
859,865
860,866
861,867
862,868
863,869
864,869
865,870
866,871
867,872
868,873
869,874
870,874
871,875
872,876
873,877
874,878
875,879
876,880
877,880
878,881
879,882
880,883
881,884
882,885
883,886
884,886
885,887
886,888
887,889
888,890
889,891
890,892
891,893
892,893
893,894
894,895
895,896
896,897
897,898
898,899
899,900
900,900
901,901
902,902
903,903
904,904
905,905
906,906
907,907
908,908
909,908
910,909
911,910
912,911
913,912
914,913
915,914
916,915
917,916
918,916
919,917
920,918
921,919
922,920
923,921
924,922
925,923
926,924
927,925
928,926
929,927
930,927
931,928
932,929
933,930
934,931
935,932
936,933
937,934
938,935
939,936
940,937
941,938
942,939
943,940
944,941
945,942
946,942
947,943
948,944
949,945
950,946
951,947
952,948
953,949
954,950
955,951
956,952
957,953
958,954
959,955
960,956
961,957
962,958
963,959
964,960
965,961
966,962
967,963
968,964
969,965
970,966
971,967
972,968
973,969
974,970
975,971
976,972
977,974
978,975
979,976
980,977
981,978
982,979
983,980
984,981
985,982
986,983
987,984
988,986
989,987
990,988
991,989
992,990
993,991
994,993
995,994
996,995
997,996
998,997
999,999
1000,999
