
//
//*****************************************************
// Score calibration for segment of model
//*****************************************************
//

TYPE cred_rap_SCORE_CONVERT = RECORD
  SCORE     : INT16;
  NEW_SCORE : INT16;
END;

TABLE cred_rap_SCORE_CONVERT OF cred_rap_SCORE_CONVERT
NUM_ROWS = 1001
DATA = 
0,0
1,29
2,46
3,59
4,71
5,82
6,92
7,102
8,110
9,119
10,126
11,134
12,141
13,148
14,154
15,161
16,167
17,173
18,179
19,184
20,190
21,195
22,200
23,205
24,210
25,215
26,220
27,224
28,229
29,233
30,238
31,242
32,246
33,250
34,254
35,258
36,262
37,266
38,269
39,273
40,277
41,280
42,284
43,287
44,290
45,294
46,297
47,300
48,303
49,307
50,310
51,313
52,316
53,319
54,322
55,325
56,327
57,330
58,333
59,336
60,339
61,341
62,344
63,347
64,349
65,352
66,354
67,357
68,359
69,362
70,364
71,367
72,369
73,372
74,374
75,376
76,379
77,381
78,383
79,385
80,388
81,390
82,392
83,394
84,396
85,398
86,400
87,403
88,405
89,407
90,409
91,411
92,413
93,415
94,417
95,419
96,421
97,422
98,424
99,426
100,428
101,430
102,432
103,434
104,435
105,437
106,439
107,441
108,443
109,444
110,446
111,448
112,450
113,451
114,453
115,455
116,456
117,458
118,460
119,461
120,463
121,464
122,466
123,468
124,469
125,471
126,472
127,474
128,475
129,477
130,478
131,480
132,481
133,483
134,484
135,486
136,487
137,489
138,490
139,492
140,493
141,495
142,496
143,497
144,499
145,500
146,502
147,503
148,504
149,506
150,507
151,508
152,510
153,511
154,512
155,514
156,515
157,516
158,517
159,519
160,520
161,521
162,523
163,524
164,525
165,526
166,528
167,529
168,530
169,531
170,532
171,534
172,535
173,536
174,537
175,538
176,540
177,541
178,542
179,543
180,544
181,545
182,547
183,548
184,549
185,550
186,551
187,552
188,553
189,554
190,555
191,557
192,558
193,559
194,560
195,561
196,562
197,563
198,564
199,565
200,566
201,567
202,568
203,569
204,570
205,571
206,572
207,574
208,575
209,576
210,577
211,578
212,579
213,580
214,581
215,582
216,583
217,584
218,584
219,585
220,586
221,587
222,588
223,589
224,590
225,591
226,592
227,593
228,594
229,595
230,596
231,597
232,598
233,599
234,600
235,601
236,601
237,602
238,603
239,604
240,605
241,606
242,607
243,608
244,609
245,610
246,610
247,611
248,612
249,613
250,614
251,615
252,616
253,617
254,617
255,618
256,619
257,620
258,621
259,622
260,622
261,623
262,624
263,625
264,626
265,627
266,627
267,628
268,629
269,630
270,631
271,631
272,632
273,633
274,634
275,635
276,635
277,636
278,637
279,638
280,639
281,639
282,640
283,641
284,642
285,643
286,643
287,644
288,645
289,646
290,646
291,647
292,648
293,649
294,649
295,650
296,651
297,652
298,652
299,653
300,654
301,655
302,655
303,656
304,657
305,658
306,658
307,659
308,660
309,660
310,661
311,662
312,663
313,663
314,664
315,665
316,665
317,666
318,667
319,668
320,668
321,669
322,670
323,670
324,671
325,672
326,672
327,673
328,674
329,674
330,675
331,676
332,676
333,677
334,678
335,679
336,679
337,680
338,681
339,681
340,682
341,683
342,683
343,684
344,684
345,685
346,686
347,686
348,687
349,688
350,688
351,689
352,690
353,690
354,691
355,692
356,692
357,693
358,694
359,694
360,695
361,695
362,696
363,697
364,697
365,698
366,699
367,699
368,700
369,700
370,701
371,702
372,702
373,703
374,703
375,704
376,705
377,705
378,706
379,707
380,707
381,708
382,708
383,709
384,710
385,710
386,711
387,711
388,712
389,712
390,713
391,714
392,714
393,715
394,715
395,716
396,717
397,717
398,718
399,718
400,719
401,719
402,720
403,721
404,721
405,722
406,722
407,723
408,723
409,724
410,725
411,725
412,726
413,726
414,727
415,727
416,728
417,729
418,729
419,730
420,730
421,731
422,731
423,732
424,732
425,733
426,734
427,734
428,735
429,735
430,736
431,736
432,737
433,737
434,738
435,738
436,739
437,739
438,740
439,741
440,741
441,742
442,742
443,743
444,743
445,744
446,744
447,745
448,745
449,746
450,746
451,747
452,747
453,748
454,748
455,749
456,750
457,750
458,751
459,751
460,752
461,752
462,753
463,753
464,754
465,754
466,755
467,755
468,756
469,756
470,757
471,757
472,758
473,758
474,759
475,759
476,760
477,760
478,761
479,761
480,762
481,762
482,763
483,763
484,764
485,764
486,765
487,765
488,766
489,766
490,767
491,767
492,768
493,768
494,769
495,769
496,770
497,770
498,771
499,771
500,772
501,772
502,773
503,773
504,773
505,774
506,774
507,775
508,775
509,776
510,776
511,777
512,777
513,778
514,778
515,779
516,779
517,780
518,780
519,781
520,781
521,782
522,782
523,782
524,783
525,783
526,784
527,784
528,785
529,785
530,786
531,786
532,787
533,787
534,788
535,788
536,789
537,789
538,789
539,790
540,790
541,791
542,791
543,792
544,792
545,793
546,793
547,794
548,794
549,794
550,795
551,795
552,796
553,796
554,797
555,797
556,798
557,798
558,798
559,799
560,799
561,800
562,800
563,801
564,801
565,802
566,802
567,802
568,803
569,803
570,804
571,804
572,805
573,805
574,806
575,806
576,806
577,807
578,807
579,808
580,808
581,809
582,809
583,810
584,810
585,810
586,811
587,811
588,812
589,812
590,813
591,813
592,813
593,814
594,814
595,815
596,815
597,816
598,816
599,816
600,817
601,817
602,818
603,818
604,819
605,819
606,819
607,820
608,820
609,821
610,821
611,822
612,822
613,822
614,823
615,823
616,824
617,824
618,824
619,825
620,825
621,826
622,826
623,827
624,827
625,827
626,828
627,828
628,829
629,829
630,829
631,830
632,830
633,831
634,831
635,832
636,832
637,832
638,833
639,833
640,834
641,834
642,834
643,835
644,835
645,836
646,836
647,837
648,837
649,837
650,838
651,838
652,839
653,839
654,839
655,840
656,840
657,841
658,841
659,841
660,842
661,842
662,843
663,843
664,843
665,844
666,844
667,845
668,845
669,845
670,846
671,846
672,847
673,847
674,847
675,848
676,848
677,849
678,849
679,849
680,850
681,850
682,851
683,851
684,852
685,852
686,852
687,853
688,853
689,854
690,854
691,854
692,855
693,855
694,856
695,856
696,856
697,857
698,857
699,858
700,858
701,858
702,859
703,859
704,859
705,860
706,860
707,861
708,861
709,861
710,862
711,862
712,863
713,863
714,863
715,864
716,864
717,865
718,865
719,865
720,866
721,866
722,867
723,867
724,867
725,868
726,868
727,869
728,869
729,869
730,870
731,870
732,871
733,871
734,871
735,872
736,872
737,873
738,873
739,873
740,874
741,874
742,874
743,875
744,875
745,876
746,876
747,876
748,877
749,877
750,878
751,878
752,878
753,879
754,879
755,880
756,880
757,880
758,881
759,881
760,882
761,882
762,882
763,883
764,883
765,884
766,884
767,884
768,885
769,885
770,885
771,886
772,886
773,887
774,887
775,887
776,888
777,888
778,889
779,889
780,889
781,890
782,890
783,891
784,891
785,891
786,892
787,892
788,893
789,893
790,893
791,894
792,894
793,895
794,895
795,895
796,896
797,896
798,897
799,897
800,897
801,898
802,898
803,898
804,899
805,899
806,900
807,900
808,900
809,901
810,901
811,902
812,902
813,902
814,903
815,903
816,904
817,904
818,904
819,905
820,905
821,906
822,906
823,906
824,907
825,907
826,908
827,908
828,908
829,909
830,909
831,910
832,910
833,910
834,911
835,911
836,912
837,912
838,912
839,913
840,913
841,914
842,914
843,914
844,915
845,915
846,916
847,916
848,916
849,917
850,917
851,918
852,918
853,919
854,919
855,919
856,920
857,920
858,921
859,921
860,921
861,922
862,922
863,923
864,923
865,923
866,924
867,924
868,925
869,925
870,926
871,926
872,926
873,927
874,927
875,928
876,928
877,928
878,929
879,929
880,930
881,930
882,931
883,931
884,931
885,932
886,932
887,933
888,933
889,934
890,934
891,934
892,935
893,935
894,936
895,936
896,937
897,937
898,938
899,938
900,938
901,939
902,939
903,940
904,940
905,941
906,941
907,942
908,942
909,942
910,943
911,943
912,944
913,944
914,945
915,945
916,946
917,946
918,947
919,947
920,947
921,948
922,948
923,949
924,949
925,950
926,950
927,951
928,951
929,952
930,952
931,953
932,953
933,954
934,954
935,955
936,955
937,956
938,956
939,957
940,957
941,958
942,958
943,959
944,959
945,960
946,960
947,961
948,961
949,962
950,962
951,963
952,963
953,964
954,964
955,965
956,965
957,966
958,966
959,967
960,968
961,968
962,969
963,969
964,970
965,970
966,971
967,972
968,972
969,973
970,973
971,974
972,975
973,975
974,976
975,977
976,977
977,978
978,979
979,979
980,980
981,981
982,981
983,982
984,983
985,983
986,984
987,985
988,986
989,987
990,987
991,988
992,989
993,990
994,991
995,992
996,993
997,995
998,996
999,997
1000,999
